0000   03 30 00 f7 00 00 00 07 5f 69 64 00 69 18 7a 40
0010   51 1a 63 13 45 63 b1 12 02 6e 61 6d 65 00 15 00
0020   00 00 53 68 69 76 6e 65 72 69 20 42 6f 79 73 20
0030   48 6f 73 74 65 6c 00 02 61 72 65 61 00 07 00 00
0040   00 41 6b 75 72 64 69 00 10 63 61 70 61 63 69 74
0050   79 00 78 00 00 00 01 72 61 74 69 6e 67 00 cd cc
0060   cc cc cc cc 10 40 04 72 6f 6f 6d 73 00 4d 00 00
0070   00 03 30 00 21 00 00 00 02 74 79 70 65 00 07 00
0080   00 00 73 69 6e 67 6c 65 00 10 70 72 69 63 65 00
0090   28 23 00 00 00 03 31 00 21 00 00 00 02 74 79 70
00a0   65 00 07 00 00 00 64 6f 75 62 6c 65 00 10 70 72
00b0   69 63 65 00 64 19 00 00 00 00 02 6d 61 6e 61 67
00c0   65 72 00 0d 00 00 00 52 61 6d 65 73 68 20 50 61
00d0   74 69 6c 00 02 70 68 6f 6e 65 00 0b 00 00 00 39
00e0   38 37 36 35 34 33 32 30 31 00 02 63 69 74 79 00
00f0   05 00 00 00 70 75 6e 65 00 00 03 31 00 f7 00 00
0100   00 07 5f 69 64 00 69 18 7a 40 51 1a 63 13 45 63
0110   b1 13 02 6e 61 6d 65 00 17 00 00 00 53 61 69 20
0120   4b 72 75 70 61 20 47 69 72 6c 73 20 48 6f 73 74
0130   65 6c 00 02 61 72 65 61 00 06 00 00 00 41 75 6e
0140   64 68 00 10 63 61 70 61 63 69 74 79 00 5a 00 00
0150   00 01 72 61 74 69 6e 67 00 00 00 00 00 00 00 12
0160   40 04 72 6f 6f 6d 73 00 4d 00 00 00 03 30 00 21
0170   00 00 00 02 74 79 70 65 00 07 00 00 00 64 6f 75
0180   62 6c 65 00 10 70 72 69 63 65 00 58 1b 00 00 00
0190   03 31 00 21 00 00 00 02 74 79 70 65 00 07 00 00
01a0   00 74 72 69 70 6c 65 00 10 70 72 69 63 65 00 7c
01b0   15 00 00 00 00 02 6d 61 6e 61 67 65 72 00 0c 00
01c0   00 00 53 75 6e 69 74 61 20 4d 6f 72 65 00 02 70
01d0   68 6f 6e 65 00 0b 00 00 00 39 38 37 36 35 34 33
01e0   32 30 32 00 02 63 69 74 79 00 05 00 00 00 70 75
01f0   6e 65 00 00 03 32 00 f8 00 00 00 07 5f 69 64 00
0200   69 18 7a 40 51 1a 63 13 45 63 b1 14 02 6e 61 6d
0210   65 00 16 00 00 00 56 72 69 6e 64 61 76 61 6e 20
0220   42 6f 79 73 20 48 6f 73 74 65 6c 00 02 61 72 65
0230   61 00 06 00 00 00 42 61 6e 65 72 00 10 63 61 70
0240   61 63 69 74 79 00 96 00 00 00 10 72 61 74 69 6e
0250   67 00 04 00 00 00 04 72 6f 6f 6d 73 00 4f 00 00
0260   00 03 30 00 21 00 00 00 02 74 79 70 65 00 07 00
0270   00 00 74 72 69 70 6c 65 00 10 70 72 69 63 65 00
0280   70 17 00 00 00 03 31 00 23 00 00 00 02 74 79 70
0290   65 00 09 00 00 00 34 2d 73 65 61 74 65 72 00 10
02a0   70 72 69 63 65 00 94 11 00 00 00 00 02 6d 61 6e
02b0   61 67 65 72 00 10 00 00 00 4d 61 68 65 73 68 20
02c0   4b 75 6c 6b 61 72 6e 69 00 02 70 68 6f 6e 65 00
02d0   0b 00 00 00 39 38 37 36 35 34 33 32 30 33 00 02
02e0   63 69 74 79 00 05 00 00 00 70 75 6e 65 00 00 03
02f0   33 00 d3 00 00 00 07 5f 69 64 00 69 18 7a 40 51
0300   1a 63 13 45 63 b1 15 02 6e 61 6d 65 00 10 00 00
0310   00 4f 6d 20 53 61 69 20 47 69 72 6c 73 20 50 47
0320   00 02 61 72 65 61 00 09 00 00 00 42 61 6c 65 77
0330   61 64 69 00 10 63 61 70 61 63 69 74 79 00 50 00
0340   00 00 01 72 61 74 69 6e 67 00 66 66 66 66 66 66
0350   10 40 04 72 6f 6f 6d 73 00 29 00 00 00 03 30 00
0360   21 00 00 00 02 74 79 70 65 00 07 00 00 00 73 69
0370   6e 67 6c 65 00 10 70 72 69 63 65 00 34 21 00 00
0380   00 00 02 6d 61 6e 61 67 65 72 00 10 00 00 00 53
0390   6e 65 68 61 6c 20 44 65 73 68 6d 75 6b 68 00 02
03a0   70 68 6f 6e 65 00 0b 00 00 00 39 38 37 36 35 34
03b0   33 32 30 34 00 02 63 69 74 79 00 05 00 00 00 70
03c0   75 6e 65 00 00 03 34 00 d7 00 00 00 07 5f 69 64
03d0   00 69 18 7a 40 51 1a 63 13 45 63 b1 16 02 6e 61
03e0   6d 65 00 12 00 00 00 4b 65 64 61 72 20 42 6f 79
03f0   73 20 4c 69 76 69 6e 67 00 02 61 72 65 61 00 0a
0400   00 00 00 42 69 62 76 65 77 61 64 69 00 10 63 61
0410   70 61 63 69 74 79 00 82 00 00 00 01 72 61 74 69
0420   6e 67 00 33 33 33 33 33 33 0f 40 04 72 6f 6f 6d
0430   73 00 2b 00 00 00 03 30 00 23 00 00 00 02 74 79
0440   70 65 00 09 00 00 00 34 2d 73 65 61 74 65 72 00
0450   10 70 72 69 63 65 00 88 13 00 00 00 00 02 6d 61
0460   6e 61 67 65 72 00 0f 00 00 00 47 61 6e 65 73 68
0470   20 47 61 69 6b 77 61 64 00 02 70 68 6f 6e 65 00
0480   0b 00 00 00 39 38 37 36 35 34 33 32 30 35 00 02
0490   63 69 74 79 00 05 00 00 00 70 75 6e 65 00 00 03
04a0   35 00 f9 00 00 00 07 5f 69 64 00 69 18 7a 40 51
04b0   1a 63 13 45 63 b1 17 02 6e 61 6d 65 00 10 00 00
04c0   00 41 73 68 69 72 77 61 64 20 48 6f 73 74 65 6c
04d0   00 02 61 72 65 61 00 0a 00 00 00 43 68 69 6e 63
04e0   68 77 61 64 00 10 63 61 70 61 63 69 74 79 00 c8
04f0   00 00 00 01 72 61 74 69 6e 67 00 9a 99 99 99 99
0500   99 11 40 04 72 6f 6f 6d 73 00 4d 00 00 00 03 30
0510   00 21 00 00 00 02 74 79 70 65 00 07 00 00 00 73
0520   69 6e 67 6c 65 00 10 70 72 69 63 65 00 1c 25 00
0530   00 00 03 31 00 21 00 00 00 02 74 79 70 65 00 07
0540   00 00 00 64 6f 75 62 6c 65 00 10 70 72 69 63 65
0550   00 58 1b 00 00 00 00 02 6d 61 6e 61 67 65 72 00
0560   11 00 00 00 53 75 64 61 72 73 68 61 6e 20 4a 61
0570   64 68 61 76 00 02 70 68 6f 6e 65 00 0b 00 00 00
0580   39 38 37 36 35 34 33 32 30 36 00 02 63 69 74 79
0590   00 05 00 00 00 70 75 6e 65 00 00 03 36 00 d3 00
05a0   00 00 07 5f 69 64 00 69 18 7a 40 51 1a 63 13 45
05b0   63 b1 18 02 6e 61 6d 65 00 17 00 00 00 4e 61 76
05c0   6b 61 72 20 47 69 72 6c 73 20 52 65 73 69 64 65
05d0   6e 63 79 00 02 61 72 65 61 00 07 00 00 00 44 65
05e0   63 63 61 6e 00 10 63 61 70 61 63 69 74 79 00 6e
05f0   00 00 00 01 72 61 74 69 6e 67 00 66 66 66 66 66
0600   66 12 40 04 72 6f 6f 6d 73 00 29 00 00 00 03 30
0610   00 21 00 00 00 02 74 79 70 65 00 07 00 00 00 74
0620   72 69 70 6c 65 00 10 70 72 69 63 65 00 38 18 00
0630   00 00 00 02 6d 61 6e 61 67 65 72 00 0b 00 00 00
0640   41 73 68 61 20 50 61 77 61 72 00 02 70 68 6f 6e
0650   65 00 0b 00 00 00 39 38 37 36 35 34 33 32 30 37
0660   00 02 63 69 74 79 00 05 00 00 00 70 75 6e 65 00
0670   00 03 37 00 da 00 00 00 07 5f 69 64 00 69 18 7a
0680   40 51 1a 63 13 45 63 b1 19 02 6e 61 6d 65 00 1a
0690   00 00 00 53 68 61 6e 74 69 6e 69 6b 65 74 61 6e
06a0   20 42 6f 79 73 20 48 6f 73 74 65 6c 00 02 61 72
06b0   65 61 00 0a 00 00 00 45 72 61 6e 64 77 61 6e 65
06c0   00 10 63 61 70 61 63 69 74 79 00 a0 00 00 00 01
06d0   72 61 74 69 6e 67 00 33 33 33 33 33 33 11 40 04
06e0   72 6f 6f 6d 73 00 29 00 00 00 03 30 00 21 00 00
06f0   00 02 74 79 70 65 00 07 00 00 00 64 6f 75 62 6c
0700   65 00 10 70 72 69 63 65 00 90 1a 00 00 00 00 02
0710   6d 61 6e 61 67 65 72 00 0c 00 00 00 41 6d 69 74
0720   20 53 68 69 6e 64 65 00 02 70 68 6f 6e 65 00 0b
0730   00 00 00 39 38 37 36 35 34 33 32 30 38 00 02 63
0740   69 74 79 00 05 00 00 00 70 75 6e 65 00 00 03 38
0750   00 d4 00 00 00 07 5f 69 64 00 69 18 7a 40 51 1a
0760   63 13 45 63 b1 1a 02 6e 61 6d 65 00 15 00 00 00
0770   53 68 72 65 65 20 53 61 6d 61 72 74 68 20 48 6f
0780   73 74 65 6c 00 02 61 72 65 61 00 09 00 00 00 48
0790   61 64 61 70 73 61 72 00 10 63 61 70 61 63 69 74
07a0   79 00 8c 00 00 00 01 72 61 74 69 6e 67 00 66 66
07b0   66 66 66 66 10 40 04 72 6f 6f 6d 73 00 29 00 00
07c0   00 03 30 00 21 00 00 00 02 74 79 70 65 00 07 00
07d0   00 00 74 72 69 70 6c 65 00 10 70 72 69 63 65 00
07e0   70 17 00 00 00 00 02 6d 61 6e 61 67 65 72 00 0c
07f0   00 00 00 4e 69 74 69 6e 20 50 61 74 69 6c 00 02
0800   70 68 6f 6e 65 00 0b 00 00 00 39 38 37 36 35 34
0810   33 32 30 39 00 02 63 69 74 79 00 05 00 00 00 70
0820   75 6e 65 00 00 03 39 00 db 00 00 00 07 5f 69 64
0830   00 69 18 7a 40 51 1a 63 13 45 63 b1 1b 02 6e 61
0840   6d 65 00 18 00 00 00 50 61 64 6d 61 76 61 74 69
0850   20 4c 61 64 69 65 73 20 48 6f 73 74 65 6c 00 02
0860   61 72 65 61 00 0a 00 00 00 48 69 6e 6a 65 77 61
0870   64 69 00 10 63 61 70 61 63 69 74 79 00 5f 00 00
0880   00 01 72 61 74 69 6e 67 00 cd cc cc cc cc cc 12
0890   40 04 72 6f 6f 6d 73 00 29 00 00 00 03 30 00 21
08a0   00 00 00 02 74 79 70 65 00 07 00 00 00 73 69 6e
08b0   67 6c 65 00 10 70 72 69 63 65 00 10 27 00 00 00
08c0   00 02 6d 61 6e 61 67 65 72 00 0f 00 00 00 4e 65
08d0   65 74 61 20 4b 75 6c 6b 61 72 6e 69 00 02 70 68
08e0   6f 6e 65 00 0b 00 00 00 39 38 37 36 35 34 33 32
08f0   31 30 00 02 63 69 74 79 00 05 00 00 00 70 75 6e
0900   65 00 00 03 31 30 00 f1 00 00 00 07 5f 69 64 00
0910   69 18 7a 40 51 1a 63 13 45 63 b1 1c 02 6e 61 6d
0920   65 00 12 00 00 00 53 77 61 6d 69 20 42 6f 79 73
0930   20 48 6f 73 74 65 6c 00 02 61 72 65 61 00 07 00
0940   00 00 4b 61 74 72 61 6a 00 10 63 61 70 61 63 69
0950   74 79 00 b4 00 00 00 10 72 61 74 69 6e 67 00 04
0960   00 00 00 04 72 6f 6f 6d 73 00 4d 00 00 00 03 30
0970   00 21 00 00 00 02 74 79 70 65 00 07 00 00 00 74
0980   72 69 70 6c 65 00 10 70 72 69 63 65 00 a8 16 00
0990   00 00 03 31 00 21 00 00 00 02 74 79 70 65 00 07
09a0   00 00 00 64 6f 75 62 6c 65 00 10 70 72 69 63 65
09b0   00 f4 1a 00 00 00 00 02 6d 61 6e 61 67 65 72 00
09c0   0e 00 00 00 53 61 6d 65 65 72 20 4b 6f 6b 61 74
09d0   65 00 02 70 68 6f 6e 65 00 0b 00 00 00 39 38 37
09e0   36 35 34 33 32 31 31 00 02 63 69 74 79 00 05 00
09f0   00 00 70 75 6e 65 00 00 03 31 31 00 d4 00 00 00
0a00   07 5f 69 64 00 69 18 7a 40 51 1a 63 13 45 63 b1
0a10   1d 02 6e 61 6d 65 00 13 00 00 00 4d 6f 72 79 61
0a20   20 47 69 72 6c 73 20 48 6f 73 74 65 6c 00 02 61
0a30   72 65 61 00 0c 00 00 00 4b 61 72 76 65 20 4e 61
0a40   67 61 72 00 10 63 61 70 61 63 69 74 79 00 55 00
0a50   00 00 01 72 61 74 69 6e 67 00 9a 99 99 99 99 99
0a60   11 40 04 72 6f 6f 6d 73 00 29 00 00 00 03 30 00
0a70   21 00 00 00 02 74 79 70 65 00 07 00 00 00 64 6f
0a80   75 62 6c 65 00 10 70 72 69 63 65 00 20 1c 00 00
0a90   00 00 02 6d 61 6e 61 67 65 72 00 0b 00 00 00 53
0aa0   65 65 6d 61 20 47 69 72 69 00 02 70 68 6f 6e 65
0ab0   00 0b 00 00 00 39 38 37 36 35 34 33 32 31 32 00
0ac0   02 63 69 74 79 00 05 00 00 00 70 75 6e 65 00 00
0ad0   03 31 32 00 d1 00 00 00 07 5f 69 64 00 69 18 7a
0ae0   40 51 1a 63 13 45 63 b1 1e 02 6e 61 6d 65 00 0f
0af0   00 00 00 59 61 73 68 61 64 61 20 48 6f 73 74 65
0b00   6c 00 02 61 72 65 61 00 08 00 00 00 4b 68 61 72
0b10   61 64 69 00 10 63 61 70 61 63 69 74 79 00 aa 00
0b20   00 00 01 72 61 74 69 6e 67 00 00 00 00 00 00 00
0b30   12 40 04 72 6f 6f 6d 73 00 2b 00 00 00 03 30 00
0b40   23 00 00 00 02 74 79 70 65 00 09 00 00 00 34 2d
0b50   73 65 61 74 65 72 00 10 70 72 69 63 65 00 c0 12
0b60   00 00 00 00 02 6d 61 6e 61 67 65 72 00 0e 00 00
0b70   00 53 61 6e 74 6f 73 68 20 4e 69 6b 61 6d 00 02
0b80   70 68 6f 6e 65 00 0b 00 00 00 39 38 37 36 35 34
0b90   33 32 31 33 00 02 63 69 74 79 00 05 00 00 00 70
0ba0   75 6e 65 00 00 03 31 33 00 d7 00 00 00 07 5f 69
0bb0   64 00 69 18 7a 40 51 1a 63 13 45 63 b1 1f 02 6e
0bc0   61 6d 65 00 18 00 00 00 53 61 69 20 53 72 75 73
0bd0   68 74 69 20 42 6f 79 73 20 48 6f 73 74 65 6c 00
0be0   02 61 72 65 61 00 08 00 00 00 4b 6f 6e 64 68 77
0bf0   61 00 10 63 61 70 61 63 69 74 79 00 8c 00 00 00
0c00   01 72 61 74 69 6e 67 00 66 66 66 66 66 66 10 40
0c10   04 72 6f 6f 6d 73 00 29 00 00 00 03 30 00 21 00
0c20   00 00 02 74 79 70 65 00 07 00 00 00 64 6f 75 62
0c30   6c 65 00 10 70 72 69 63 65 00 64 19 00 00 00 00
0c40   02 6d 61 6e 61 67 65 72 00 0d 00 00 00 53 61 6e
0c50   64 65 65 70 20 4e 61 69 72 00 02 70 68 6f 6e 65
0c60   00 0b 00 00 00 39 38 37 36 35 34 33 32 31 34 00
0c70   02 63 69 74 79 00 05 00 00 00 70 75 6e 65 00 00
0c80   03 31 34 00 da 00 00 00 07 5f 69 64 00 69 18 7a
0c90   40 51 1a 63 13 45 63 b1 20 02 6e 61 6d 65 00 15
0ca0   00 00 00 48 61 72 6d 6f 6e 79 20 4c 61 64 69 65
0cb0   73 20 4c 6f 64 67 65 00 02 61 72 65 61 00 0e 00
0cc0   00 00 4b 6f 72 65 67 61 6f 6e 20 50 61 72 6b 00
0cd0   10 63 61 70 61 63 69 74 79 00 64 00 00 00 01 72
0ce0   61 74 69 6e 67 00 33 33 33 33 33 33 13 40 04 72
0cf0   6f 6f 6d 73 00 29 00 00 00 03 30 00 21 00 00 00
0d00   02 74 79 70 65 00 07 00 00 00 73 69 6e 67 6c 65
0d10   00 10 70 72 69 63 65 00 e0 2e 00 00 00 00 02 6d
0d20   61 6e 61 67 65 72 00 0d 00 00 00 53 77 65 74 61
0d30   20 43 68 61 76 61 6e 00 02 70 68 6f 6e 65 00 0b
0d40   00 00 00 39 38 37 36 35 34 33 32 31 35 00 02 63
0d50   69 74 79 00 05 00 00 00 70 75 6e 65 00 00 03 31
0d60   35 00 d4 00 00 00 07 5f 69 64 00 69 18 7a 40 51
0d70   1a 63 13 45 63 b1 21 02 6e 61 6d 65 00 14 00 00
0d80   00 47 72 65 65 6e 20 56 61 6c 6c 65 79 20 48 6f
0d90   73 74 65 6c 00 02 61 72 65 61 00 0b 00 00 00 4d
0da0   61 67 61 72 70 61 74 74 61 00 10 63 61 70 61 63
0db0   69 74 79 00 be 00 00 00 01 72 61 74 69 6e 67 00
0dc0   cd cc cc cc cc cc 10 40 04 72 6f 6f 6d 73 00 29
0dd0   00 00 00 03 30 00 21 00 00 00 02 74 79 70 65 00
0de0   07 00 00 00 74 72 69 70 6c 65 00 10 70 72 69 63
0df0   65 00 0c 17 00 00 00 00 02 6d 61 6e 61 67 65 72
0e00   00 0b 00 00 00 41 6e 69 6c 20 4a 6f 73 68 69 00
0e10   02 70 68 6f 6e 65 00 0b 00 00 00 39 38 37 36 35
0e20   34 33 32 31 36 00 02 63 69 74 79 00 05 00 00 00
0e30   70 75 6e 65 00 00 03 31 36 00 d1 00 00 00 07 5f
0e40   69 64 00 69 18 7a 40 51 1a 63 13 45 63 b1 22 02
0e50   6e 61 6d 65 00 13 00 00 00 50 69 6d 70 72 69 20
0e60   42 6f 79 73 20 48 6f 73 74 65 6c 00 02 61 72 65
0e70   61 00 07 00 00 00 50 69 6d 70 72 69 00 10 63 61
0e80   70 61 63 69 74 79 00 a0 00 00 00 01 72 61 74 69
0e90   6e 67 00 66 66 66 66 66 66 0e 40 04 72 6f 6f 6d
0ea0   73 00 29 00 00 00 03 30 00 21 00 00 00 02 74 79
0eb0   70 65 00 07 00 00 00 64 6f 75 62 6c 65 00 10 70
0ec0   72 69 63 65 00 00 19 00 00 00 00 02 6d 61 6e 61
0ed0   67 65 72 00 0d 00 00 00 44 69 6c 69 70 20 4b 61
0ee0   6d 62 6c 65 00 02 70 68 6f 6e 65 00 0b 00 00 00
0ef0   39 38 37 36 35 34 33 32 31 37 00 02 63 69 74 79
0f00   00 05 00 00 00 70 75 6e 65 00 00 03 31 37 00 d0
0f10   00 00 00 07 5f 69 64 00 69 18 7a 40 51 1a 63 13
0f20   45 63 b1 23 02 6e 61 6d 65 00 0e 00 00 00 43 61
0f30   6d 70 20 47 69 72 6c 73 20 50 47 00 02 61 72 65
0f40   61 00 0a 00 00 00 50 75 6e 65 20 43 61 6d 70 00
0f50   10 63 61 70 61 63 69 74 79 00 46 00 00 00 01 72
0f60   61 74 69 6e 67 00 00 00 00 00 00 00 12 40 04 72
0f70   6f 6f 6d 73 00 29 00 00 00 03 30 00 21 00 00 00
0f80   02 74 79 70 65 00 07 00 00 00 73 69 6e 67 6c 65
0f90   00 10 70 72 69 63 65 00 28 23 00 00 00 00 02 6d
0fa0   61 6e 61 67 65 72 00 0e 00 00 00 52 61 64 68 69
0fb0   6b 61 20 42 68 69 73 65 00 02 70 68 6f 6e 65 00
0fc0   0b 00 00 00 39 38 37 36 35 34 33 32 31 38 00 02
0fd0   63 69 74 79 00 05 00 00 00 70 75 6e 65 00 00 03
0fe0   31 38 00 d5 00 00 00 07 5f 69 64 00 69 18 7a 40
0ff0   51 1a 63 13 45 63 b1 24 02 6e 61 6d 65 00 13 00
1000   00 00 53 74 61 74 69 6f 6e 20 42 6f 79 73 20 4c
1010   6f 64 67 65 00 02 61 72 65 61 00 0d 00 00 00 50
1020   75 6e 65 20 53 74 61 74 69 6f 6e 00 10 63 61 70
1030   61 63 69 74 79 00 8c 00 00 00 10 72 61 74 69 6e
1040   67 00 04 00 00 00 04 72 6f 6f 6d 73 00 2b 00 00
1050   00 03 30 00 23 00 00 00 02 74 79 70 65 00 09 00
1060   00 00 34 2d 73 65 61 74 65 72 00 10 70 72 69 63
1070   65 00 94 11 00 00 00 00 02 6d 61 6e 61 67 65 72
1080   00 0d 00 00 00 56 69 6b 61 73 20 4d 61 6e 6b 61
1090   72 00 02 70 68 6f 6e 65 00 0b 00 00 00 39 38 37
10a0   36 35 34 33 32 31 39 00 02 63 69 74 79 00 05 00
10b0   00 00 70 75 6e 65 00 00 03 31 39 00 d9 00 00 00
10c0   07 5f 69 64 00 69 18 7a 40 51 1a 63 13 45 63 b1
10d0   25 02 6e 61 6d 65 00 15 00 00 00 53 69 6e 68 61
10e0   67 61 64 20 42 6f 79 73 20 48 6f 73 74 65 6c 00
10f0   02 61 72 65 61 00 0e 00 00 00 53 69 6e 68 61 67
1100   61 64 20 52 6f 61 64 00 10 63 61 70 61 63 69 74
1110   79 00 b4 00 00 00 01 72 61 74 69 6e 67 00 33 33
1120   33 33 33 33 0f 40 04 72 6f 6f 6d 73 00 29 00 00
1130   00 03 30 00 21 00 00 00 02 74 79 70 65 00 07 00
1140   00 00 74 72 69 70 6c 65 00 10 70 72 69 63 65 00
1150   a8 16 00 00 00 00 02 6d 61 6e 61 67 65 72 00 0c
1160   00 00 00 41 6e 61 6e 74 20 4b 61 64 61 6d 00 02
1170   70 68 6f 6e 65 00 0b 00 00 00 39 38 37 36 35 34
1180   33 32 32 30 00 02 63 69 74 79 00 05 00 00 00 70
1190   75 6e 65 00 00 03 32 30 00 d0 00 00 00 07 5f 69
11a0   64 00 69 18 7a 40 51 1a 63 13 45 63 b1 26 02 6e
11b0   61 6d 65 00 12 00 00 00 53 77 61 72 67 61 74 65
11c0   20 47 69 72 6c 73 20 50 47 00 02 61 72 65 61 00
11d0   09 00 00 00 53 77 61 72 67 61 74 65 00 10 63 61
11e0   70 61 63 69 74 79 00 5f 00 00 00 01 72 61 74 69
11f0   6e 67 00 9a 99 99 99 99 99 11 40 04 72 6f 6f 6d
1200   73 00 29 00 00 00 03 30 00 21 00 00 00 02 74 79
1210   70 65 00 07 00 00 00 64 6f 75 62 6c 65 00 10 70
1220   72 69 63 65 00 bc 1b 00 00 00 00 02 6d 61 6e 61
1230   67 65 72 00 0b 00 00 00 47 61 75 72 69 20 41 70
1240   74 65 00 02 70 68 6f 6e 65 00 0b 00 00 00 39 38
1250   37 36 35 34 33 32 32 31 00 02 63 69 74 79 00 05
1260   00 00 00 70 75 6e 65 00 00 03 32 31 00 e0 00 00
1270   00 07 5f 69 64 00 69 18 7a 40 51 1a 63 13 45 63
1280   b1 27 02 6e 61 6d 65 00 19 00 00 00 56 69 6d 61
1290   6e 20 4e 61 67 61 72 20 45 6c 69 74 65 20 48 6f
12a0   73 74 65 6c 00 02 61 72 65 61 00 0c 00 00 00 56
12b0   69 6d 61 6e 20 4e 61 67 61 72 00 10 63 61 70 61
12c0   63 69 74 79 00 d2 00 00 00 01 72 61 74 69 6e 67
12d0   00 cd cc cc cc cc cc 12 40 04 72 6f 6f 6d 73 00
12e0   29 00 00 00 03 30 00 21 00 00 00 02 74 79 70 65
12f0   00 07 00 00 00 73 69 6e 67 6c 65 00 10 70 72 69
1300   63 65 00 ec 2c 00 00 00 00 02 6d 61 6e 61 67 65
1310   72 00 11 00 00 00 4d 61 6e 69 73 68 61 20 4b 75
1320   6c 6b 61 72 6e 69 00 02 70 68 6f 6e 65 00 0b 00
1330   00 00 39 38 37 36 35 34 33 32 32 32 00 02 63 69
1340   74 79 00 05 00 00 00 70 75 6e 65 00 00 03 32 32
1350   00 d4 00 00 00 07 5f 69 64 00 69 18 7a 40 51 1a
1360   63 13 45 63 b1 29 02 6e 61 6d 65 00 14 00 00 00
1370   57 61 72 6a 65 20 47 61 6c 61 78 79 20 48 6f 73
1380   74 65 6c 00 02 61 72 65 61 00 06 00 00 00 57 61
1390   72 6a 65 00 10 63 61 70 61 63 69 74 79 00 82 00
13a0   00 00 01 72 61 74 69 6e 67 00 66 66 66 66 66 66
13b0   10 40 04 72 6f 6f 6d 73 00 2b 00 00 00 03 30 00
13c0   23 00 00 00 02 74 79 70 65 00 09 00 00 00 34 2d
13d0   73 65 61 74 65 72 00 10 70 72 69 63 65 00 88 13
13e0   00 00 00 00 02 6d 61 6e 61 67 65 72 00 0e 00 00
13f0   00 52 61 6a 65 6e 64 72 61 20 4d 6f 72 65 00 02
1400   70 68 6f 6e 65 00 0b 00 00 00 39 38 37 36 35 34
1410   33 32 32 34 00 02 63 69 74 79 00 05 00 00 00 70
1420   75 6e 65 00 00 03 32 33 00 d4 00 00 00 07 5f 69
1430   64 00 69 18 7a 40 51 1a 63 13 45 63 b1 2a 02 6e
1440   61 6d 65 00 13 00 00 00 59 65 72 61 77 61 64 61
1450   20 51 75 65 65 6e 73 20 50 47 00 02 61 72 65 61
1460   00 09 00 00 00 59 65 72 61 77 61 64 61 00 10 63
1470   61 70 61 63 69 74 79 00 a0 00 00 00 01 72 61 74
1480   69 6e 67 00 66 66 66 66 66 66 12 40 04 72 6f 6f
1490   6d 73 00 29 00 00 00 03 30 00 21 00 00 00 02 74
14a0   79 70 65 00 07 00 00 00 73 69 6e 67 6c 65 00 10
14b0   70 72 69 63 65 00 f8 2a 00 00 00 00 02 6d 61 6e
14c0   61 67 65 72 00 0e 00 00 00 4d 61 64 68 75 72 69
14d0   20 50 61 74 69 6c 00 02 70 68 6f 6e 65 00 0b 00
14e0   00 00 39 38 37 36 35 34 33 32 32 35 00 02 63 69
14f0   74 79 00 05 00 00 00 70 75 6e 65 00 00 03 32 34
1500   00 f9 00 00 00 07 5f 69 64 00 69 19 95 5b 55 22
1510   37 ab a1 26 48 7c 02 6e 61 6d 65 00 14 00 00 00
1520   53 75 6e 72 69 73 65 20 42 6f 79 73 20 48 6f 73
1530   74 65 6c 00 02 6c 6f 63 61 74 69 6f 6e 00 12 00
1540   00 00 4b 61 72 76 65 20 4e 61 67 61 72 2c 20 50
1550   75 6e 65 00 10 70 72 69 63 65 00 64 19 00 00 02
1560   67 65 6e 64 65 72 00 05 00 00 00 62 6f 79 73 00
1570   04 66 61 63 69 6c 69 74 69 65 73 00 51 00 00 00
1580   02 30 00 05 00 00 00 57 69 46 69 00 02 31 00 0f
1590   00 00 00 46 6f 6f 64 20 28 33 20 74 69 6d 65 73
15a0   29 00 02 32 00 08 00 00 00 4c 61 75 6e 64 72 79
15b0   00 02 33 00 05 00 00 00 43 43 54 56 00 02 34 00
15c0   08 00 00 00 50 61 72 6b 69 6e 67 00 00 02 63 6f
15d0   6e 74 61 63 74 00 0f 00 00 00 2b 39 31 20 39 38
15e0   32 33 31 32 33 34 35 31 00 01 72 61 74 69 6e 67
15f0   00 cd cc cc cc cc cc 10 40 00 03 32 35 00 eb 00
1600   00 00 07 5f 69 64 00 69 19 95 5b 55 22 37 ab a1
1610   26 48 7d 02 6e 61 6d 65 00 17 00 00 00 47 72 65
1620   65 6e 4e 65 73 74 20 47 69 72 6c 73 20 48 6f 73
1630   74 65 6c 00 02 6c 6f 63 61 74 69 6f 6e 00 0e 00
1640   00 00 4b 6f 74 68 72 75 64 2c 20 50 75 6e 65 00
1650   10 70 72 69 63 65 00 4c 1d 00 00 02 67 65 6e 64
1660   65 72 00 06 00 00 00 67 69 72 6c 73 00 04 66 61
1670   63 69 6c 69 74 69 65 73 00 43 00 00 00 02 30 00
1680   06 00 00 00 4d 65 61 6c 73 00 02 31 00 09 00 00
1690   00 52 4f 20 57 61 74 65 72 00 02 32 00 05 00 00
16a0   00 57 69 46 69 00 02 33 00 0e 00 00 00 32 34 78
16b0   37 20 53 65 63 75 72 69 74 79 00 00 02 63 6f 6e
16c0   74 61 63 74 00 0f 00 00 00 2b 39 31 20 39 38 37
16d0   36 35 34 33 32 31 30 00 01 72 61 74 69 6e 67 00
16e0   9a 99 99 99 99 99 11 40 00 03 32 36 00 db 00 00
16f0   00 07 5f 69 64 00 69 19 95 5b 55 22 37 ab a1 26
1700   48 7e 02 6e 61 6d 65 00 0f 00 00 00 4d 65 74 72
1710   6f 4c 69 76 69 6e 67 20 50 47 00 02 6c 6f 63 61
1720   74 69 6f 6e 00 0c 00 00 00 41 75 6e 64 68 2c 20
1730   50 75 6e 65 00 10 70 72 69 63 65 00 08 20 00 00
1740   02 67 65 6e 64 65 72 00 07 00 00 00 75 6e 69 73
1750   65 78 00 04 66 61 63 69 6c 69 74 69 65 73 00 40
1760   00 00 00 02 30 00 09 00 00 00 41 43 20 52 6f 6f
1770   6d 73 00 02 31 00 0d 00 00 00 48 6f 75 73 65 6b
1780   65 65 70 69 6e 67 00 02 32 00 10 00 00 00 57 61
1790   73 68 69 6e 67 20 4d 61 63 68 69 6e 65 00 00 02
17a0   63 6f 6e 74 61 63 74 00 0f 00 00 00 2b 39 31 20
17b0   39 30 31 32 33 34 35 36 37 38 00 10 72 61 74 69
17c0   6e 67 00 04 00 00 00 00 03 32 37 00 e1 00 00 00
17d0   07 5f 69 64 00 69 19 95 5b 55 22 37 ab a1 26 48
17e0   7f 02 6e 61 6d 65 00 17 00 00 00 59 6f 75 74 68
17f0   53 74 61 79 20 4d 65 6e 27 73 20 48 6f 73 74 65
1800   6c 00 02 6c 6f 63 61 74 69 6f 6e 00 0c 00 00 00
1810   57 61 72 6a 65 2c 20 50 75 6e 65 00 10 70 72 69
1820   63 65 00 a8 16 00 00 02 67 65 6e 64 65 72 00 05
1830   00 00 00 62 6f 79 73 00 04 66 61 63 69 6c 69 74
1840   69 65 73 00 3c 00 00 00 02 30 00 05 00 00 00 4d
1850   65 73 73 00 02 31 00 03 00 00 00 54 56 00 02 32
1860   00 07 00 00 00 4c 6f 63 6b 65 72 00 02 33 00 0c
1870   00 00 00 53 74 75 64 79 20 54 61 62 6c 65 00 00
1880   02 63 6f 6e 74 61 63 74 00 0f 00 00 00 2b 39 31
1890   20 39 36 32 33 32 33 32 39 32 31 00 01 72 61 74
18a0   69 6e 67 00 33 33 33 33 33 33 0f 40 00 03 32 38
18b0   00 ee 00 00 00 07 5f 69 64 00 69 19 95 5b 55 22
18c0   37 ab a1 26 48 80 02 6e 61 6d 65 00 16 00 00 00
18d0   53 61 66 65 48 6f 6d 65 20 47 69 72 6c 73 20 48
18e0   6f 73 74 65 6c 00 02 6c 6f 63 61 74 69 6f 6e 00
18f0   15 00 00 00 50 75 6e 65 20 55 6e 69 76 65 72 73
1900   69 74 79 20 52 6f 61 64 00 10 70 72 69 63 65 00
1910   28 23 00 00 02 67 65 6e 64 65 72 00 06 00 00 00
1920   67 69 72 6c 73 00 04 66 61 63 69 6c 69 74 69 65
1930   73 00 40 00 00 00 02 30 00 10 00 00 00 42 69 6f
1940   6d 65 74 72 69 63 20 45 6e 74 72 79 00 02 31 00
1950   11 00 00 00 4e 6f 72 74 68 2f 53 6f 75 74 68 20
1960   46 6f 6f 64 00 02 32 00 05 00 00 00 57 69 46 69
1970   00 00 02 63 6f 6e 74 61 63 74 00 0f 00 00 00 2b
1980   39 31 20 39 36 35 38 37 34 31 32 33 30 00 01 72
1990   61 74 69 6e 67 00 66 66 66 66 66 66 12 40 00 03
19a0   32 39 00 e4 00 00 00 07 5f 69 64 00 69 19 95 5b
19b0   55 22 37 ab a1 26 48 81 02 6e 61 6d 65 00 0e 00
19c0   00 00 43 69 74 79 53 71 75 61 72 65 20 50 47 00
19d0   02 6c 6f 63 61 74 69 6f 6e 00 12 00 00 00 48 69
19e0   6e 6a 65 77 61 64 69 20 50 68 61 73 65 20 31 00
19f0   10 70 72 69 63 65 00 04 29 00 00 02 67 65 6e 64
1a00   65 72 00 07 00 00 00 75 6e 69 73 65 78 00 04 66
1a10   61 63 69 6c 69 74 69 65 73 00 40 00 00 00 02 30
1a20   00 04 00 00 00 47 79 6d 00 02 31 00 03 00 00 00
1a30   41 43 00 02 32 00 05 00 00 00 46 6f 6f 64 00 02
1a40   33 00 07 00 00 00 46 72 69 64 67 65 00 02 34 00
1a50   05 00 00 00 57 69 46 69 00 00 02 63 6f 6e 74 61
1a60   63 74 00 0f 00 00 00 2b 39 31 20 38 39 39 39 31
1a70   32 33 34 35 30 00 01 72 61 74 69 6e 67 00 33 33
1a80   33 33 33 33 11 40 00 03 33 30 00 d4 00 00 00 07
1a90   5f 69 64 00 69 19 95 5b 55 22 37 ab a1 26 48 82
1aa0   02 6e 61 6d 65 00 16 00 00 00 52 6f 79 61 6c 53
1ab0   74 61 79 20 42 6f 79 73 20 48 6f 73 74 65 6c 00
1ac0   02 6c 6f 63 61 74 69 6f 6e 00 0c 00 00 00 57 61
1ad0   6b 61 64 2c 20 50 75 6e 65 00 10 70 72 69 63 65
1ae0   00 40 1f 00 00 02 67 65 6e 64 65 72 00 05 00 00
1af0   00 62 6f 79 73 00 04 66 61 63 69 6c 69 74 69 65
1b00   73 00 30 00 00 00 02 30 00 08 00 00 00 50 61 72
1b10   6b 69 6e 67 00 02 31 00 09 00 00 00 52 4f 20 57
1b20   61 74 65 72 00 02 32 00 05 00 00 00 43 43 54 56
1b30   00 00 02 63 6f 6e 74 61 63 74 00 0f 00 00 00 2b
1b40   39 31 20 39 39 36 36 35 35 38 38 30 30 00 01 72
1b50   61 74 69 6e 67 00 66 66 66 66 66 66 10 40 00 03
1b60   33 31 00 dd 00 00 00 07 5f 69 64 00 69 19 95 5b
1b70   55 22 37 ab a1 26 48 83 02 6e 61 6d 65 00 1a 00
1b80   00 00 53 68 61 6e 74 69 20 47 69 72 6c 73 20 50
1b90   61 79 69 6e 67 20 47 75 65 73 74 00 02 6c 6f 63
1ba0   61 74 69 6f 6e 00 0c 00 00 00 42 61 6e 65 72 2c
1bb0   20 50 75 6e 65 00 10 70 72 69 63 65 00 78 1e 00
1bc0   00 02 67 65 6e 64 65 72 00 06 00 00 00 67 69 72
1bd0   6c 73 00 04 66 61 63 69 6c 69 74 69 65 73 00 34
1be0   00 00 00 02 30 00 0e 00 00 00 48 6f 6d 65 6d 61
1bf0   64 65 20 46 6f 6f 64 00 02 31 00 05 00 00 00 57
1c00   69 46 69 00 02 32 00 07 00 00 00 47 65 79 73 65
1c10   72 00 00 02 63 6f 6e 74 61 63 74 00 0f 00 00 00
1c20   2b 39 31 20 39 31 32 33 34 35 36 37 37 37 00 01
1c30   72 61 74 69 6e 67 00 cd cc cc cc cc cc 10 40 00
1c40   03 33 32 00 dc 00 00 00 07 5f 69 64 00 69 19 95
1c50   5b 55 22 37 ab a1 26 48 84 02 6e 61 6d 65 00 0d
1c60   00 00 00 55 72 62 61 6e 4c 69 66 65 20 50 47 00
1c70   02 6c 6f 63 61 74 69 6f 6e 00 12 00 00 00 56 69
1c80   6d 61 6e 20 4e 61 67 61 72 2c 20 50 75 6e 65 00
1c90   10 70 72 69 63 65 00 1c 25 00 00 02 67 65 6e 64
1ca0   65 72 00 07 00 00 00 75 6e 69 73 65 78 00 04 66
1cb0   61 63 69 6c 69 74 69 65 73 00 39 00 00 00 02 30
1cc0   00 03 00 00 00 41 43 00 02 31 00 05 00 00 00 46
1cd0   6f 6f 64 00 02 32 00 0d 00 00 00 48 6f 75 73 65
1ce0   6b 65 65 70 69 6e 67 00 02 33 00 03 00 00 00 54
1cf0   56 00 00 02 63 6f 6e 74 61 63 74 00 0f 00 00 00
1d00   2b 39 31 20 39 33 30 31 32 33 34 39 38 37 00 01
1d10   72 61 74 69 6e 67 00 00 00 00 00 00 00 12 40 00
1d20   03 33 33 00 d6 00 00 00 07 5f 69 64 00 69 19 95
1d30   5b 55 22 37 ab a1 26 48 85 02 6e 61 6d 65 00 16
1d40   00 00 00 45 6c 69 74 65 48 6f 73 74 20 42 6f 79
1d50   73 20 48 6f 73 74 65 6c 00 02 6c 6f 63 61 74 69
1d60   6f 6e 00 0d 00 00 00 44 65 63 63 61 6e 2c 20 50
1d70   75 6e 65 00 10 70 72 69 63 65 00 90 1a 00 00 02
1d80   67 65 6e 64 65 72 00 05 00 00 00 62 6f 79 73 00
1d90   04 66 61 63 69 6c 69 74 69 65 73 00 31 00 00 00
1da0   02 30 00 05 00 00 00 57 69 46 69 00 02 31 00 0a
1db0   00 00 00 32 2d 73 68 61 72 69 6e 67 00 02 32 00
1dc0   08 00 00 00 4c 61 75 6e 64 72 79 00 00 02 63 6f
1dd0   6e 74 61 63 74 00 0f 00 00 00 2b 39 31 20 39 38
1de0   31 31 32 32 33 33 34 34 00 01 72 61 74 69 6e 67
1df0   00 66 66 66 66 66 66 0e 40 00 03 33 34 00 b7 00
1e00   00 00 07 5f 69 64 00 69 19 95 5b 55 22 37 ab a1
1e10   26 48 86 02 6e 61 6d 65 00 0b 00 00 00 43 6f 6d
1e20   66 6f 72 74 20 50 47 00 02 6c 6f 63 61 74 69 6f
1e30   6e 00 0f 00 00 00 53 77 61 72 67 61 74 65 2c 20
1e40   50 75 6e 65 00 10 70 72 69 63 65 00 38 18 00 00
1e50   02 67 65 6e 64 65 72 00 07 00 00 00 75 6e 69 73
1e60   65 78 00 04 66 61 63 69 6c 69 74 69 65 73 00 1d
1e70   00 00 00 02 30 00 05 00 00 00 46 6f 6f 64 00 02
1e80   31 00 05 00 00 00 57 69 46 69 00 00 02 63 6f 6e
1e90   74 61 63 74 00 0f 00 00 00 2b 39 31 20 38 38 39
1ea0   39 30 30 31 31 32 32 00 10 72 61 74 69 6e 67 00
1eb0   04 00 00 00 00 03 33 35 00 c7 00 00 00 07 5f 69
1ec0   64 00 69 19 95 5b 55 22 37 ab a1 26 48 87 02 6e
1ed0   61 6d 65 00 12 00 00 00 42 72 69 67 68 74 4e 65
1ee0   73 74 20 48 6f 73 74 65 6c 00 02 6c 6f 63 61 74
1ef0   69 6f 6e 00 14 00 00 00 53 68 69 76 61 6a 69 20
1f00   4e 61 67 61 72 2c 20 50 75 6e 65 00 10 70 72 69
1f10   63 65 00 58 1b 00 00 02 67 65 6e 64 65 72 00 05
1f20   00 00 00 62 6f 79 73 00 04 66 61 63 69 6c 69 74
1f30   69 65 73 00 1f 00 00 00 02 30 00 05 00 00 00 4d
1f40   65 73 73 00 02 31 00 07 00 00 00 4c 6f 63 6b 65
1f50   72 00 00 02 63 6f 6e 74 61 63 74 00 0f 00 00 00
1f60   2b 39 31 20 39 39 38 38 37 37 36 36 35 35 00 01
1f70   72 61 74 69 6e 67 00 66 66 66 66 66 66 10 40 00
1f80   03 33 36 00 c7 00 00 00 07 5f 69 64 00 69 19 95
1f90   5b 55 22 37 ab a1 26 48 88 02 6e 61 6d 65 00 0e
1fa0   00 00 00 48 61 70 70 79 52 6f 6f 6d 73 20 50 47
1fb0   00 02 6c 6f 63 61 74 69 6f 6e 00 0b 00 00 00 43
1fc0   61 6d 70 2c 20 50 75 6e 65 00 10 70 72 69 63 65
1fd0   00 6c 20 00 00 02 67 65 6e 64 65 72 00 07 00 00
1fe0   00 75 6e 69 73 65 78 00 04 66 61 63 69 6c 69 74
1ff0   69 65 73 00 2a 00 00 00 02 30 00 03 00 00 00 41
2000   43 00 02 31 00 08 00 00 00 4c 61 75 6e 64 72 79
2010   00 02 32 00 05 00 00 00 57 69 46 69 00 00 02 63
2020   6f 6e 74 61 63 74 00 0f 00 00 00 2b 39 31 20 38
2030   38 37 37 36 36 35 35 34 34 00 01 72 61 74 69 6e
2040   67 00 33 33 33 33 33 33 11 40 00 03 33 37 00 c7
2050   00 00 00 07 5f 69 64 00 69 19 95 5b 55 22 37 ab
2060   a1 26 48 89 02 6e 61 6d 65 00 15 00 00 00 42 6c
2070   75 65 53 6b 79 20 47 69 72 6c 73 20 48 6f 73 74
2080   65 6c 00 02 6c 6f 63 61 74 69 6f 6e 00 0e 00 00
2090   00 4b 6f 6e 64 68 77 61 2c 20 50 75 6e 65 00 10
20a0   70 72 69 63 65 00 0c 17 00 00 02 67 65 6e 64 65
20b0   72 00 06 00 00 00 67 69 72 6c 73 00 04 66 61 63
20c0   69 6c 69 74 69 65 73 00 21 00 00 00 02 30 00 09
20d0   00 00 00 53 65 63 75 72 69 74 79 00 02 31 00 05
20e0   00 00 00 57 69 46 69 00 00 02 63 6f 6e 74 61 63
20f0   74 00 0f 00 00 00 2b 39 31 20 37 37 36 36 35 35
2100   34 34 33 33 00 01 72 61 74 69 6e 67 00 33 33 33
2110   33 33 33 0f 40 00 03 33 38 00 e3 00 00 00 07 5f
2120   69 64 00 69 19 95 5b 55 22 37 ab a1 26 48 8a 02
2130   6e 61 6d 65 00 11 00 00 00 50 72 69 6d 65 53 74
2140   61 79 20 48 6f 73 74 65 6c 00 02 6c 6f 63 61 74
2150   69 6f 6e 00 11 00 00 00 4d 61 67 61 72 70 61 74
2160   74 61 2c 20 50 75 6e 65 00 10 70 72 69 63 65 00
2170   10 27 00 00 02 67 65 6e 64 65 72 00 07 00 00 00
2180   75 6e 69 73 65 78 00 04 66 61 63 69 6c 69 74 69
2190   65 73 00 3d 00 00 00 02 30 00 05 00 00 00 46 6f
21a0   6f 64 00 02 31 00 07 00 00 00 46 72 69 64 67 65
21b0   00 02 32 00 03 00 00 00 41 43 00 02 33 00 0d 00
21c0   00 00 48 6f 75 73 65 6b 65 65 70 69 6e 67 00 00
21d0   02 63 6f 6e 74 61 63 74 00 0f 00 00 00 2b 39 31
21e0   20 39 30 39 30 39 30 39 30 39 30 00 01 72 61 74
21f0   69 6e 67 00 9a 99 99 99 99 99 11 40 00 03 33 39
2200   00 b8 00 00 00 07 5f 69 64 00 69 19 95 5b 55 22
2210   37 ab a1 26 48 8b 02 6e 61 6d 65 00 0a 00 00 00
2220   48 6f 73 74 65 6c 48 75 62 00 02 6c 6f 63 61 74
2230   69 6f 6e 00 0f 00 00 00 59 65 72 61 77 61 64 61
2240   2c 20 50 75 6e 65 00 10 70 72 69 63 65 00 4c 1d
2250   00 00 02 67 65 6e 64 65 72 00 07 00 00 00 75 6e
2260   69 73 65 78 00 04 66 61 63 69 6c 69 74 69 65 73
2270   00 1f 00 00 00 02 30 00 05 00 00 00 57 69 46 69
2280   00 02 31 00 07 00 00 00 47 65 79 73 65 72 00 00
2290   02 63 6f 6e 74 61 63 74 00 0f 00 00 00 2b 39 31
22a0   20 37 34 34 35 35 36 36 37 37 38 00 10 72 61 74
22b0   69 6e 67 00 04 00 00 00 00 03 34 30 00 c5 00 00
22c0   00 07 5f 69 64 00 69 19 95 5b 55 22 37 ab a1 26
22d0   48 8c 02 6e 61 6d 65 00 0f 00 00 00 53 6d 61 72
22e0   74 4c 69 76 69 6e 67 20 50 47 00 02 6c 6f 63 61
22f0   74 69 6f 6e 00 0e 00 00 00 42 61 76 64 68 61 6e
2300   2c 20 50 75 6e 65 00 10 70 72 69 63 65 00 a4 1f
2310   00 00 02 67 65 6e 64 65 72 00 07 00 00 00 75 6e
2320   69 73 65 78 00 04 66 61 63 69 6c 69 74 69 65 73
2330   00 24 00 00 00 02 30 00 08 00 00 00 50 61 72 6b
2340   69 6e 67 00 02 31 00 09 00 00 00 52 4f 20 57 61
2350   74 65 72 00 00 02 63 6f 6e 74 61 63 74 00 0f 00
2360   00 00 2b 39 31 20 37 33 33 34 34 35 35 36 37 38
2370   00 01 72 61 74 69 6e 67 00 cd cc cc cc cc cc 10
2380   40 00 03 34 31 00 c5 00 00 00 07 5f 69 64 00 69
2390   19 95 5b 55 22 37 ab a1 26 48 8d 02 6e 61 6d 65
23a0   00 16 00 00 00 47 6f 6f 64 4c 69 66 65 20 47 69
23b0   72 6c 73 20 48 6f 73 74 65 6c 00 02 6c 6f 63 61
23c0   74 69 6f 6e 00 0f 00 00 00 48 61 64 61 70 73 61
23d0   72 2c 20 50 75 6e 65 00 10 70 72 69 63 65 00 f4
23e0   1a 00 00 02 67 65 6e 64 65 72 00 06 00 00 00 67
23f0   69 72 6c 73 00 04 66 61 63 69 6c 69 74 69 65 73
2400   00 1d 00 00 00 02 30 00 05 00 00 00 46 6f 6f 64
2410   00 02 31 00 05 00 00 00 43 43 54 56 00 00 02 63
2420   6f 6e 74 61 63 74 00 0f 00 00 00 2b 39 31 20 37
2430   32 32 33 33 34 34 35 35 36 00 01 72 61 74 69 6e
2440   67 00 66 66 66 66 66 66 10 40 00 03 34 32 00 c6
2450   00 00 00 07 5f 69 64 00 69 19 95 5b 55 22 37 ab
2460   a1 26 48 8e 02 6e 61 6d 65 00 0c 00 00 00 54 65
2470   63 68 43 69 74 79 20 50 47 00 02 6c 6f 63 61 74
2480   69 6f 6e 00 0e 00 00 00 4b 68 61 72 61 64 69 2c
2490   20 50 75 6e 65 00 10 70 72 69 63 65 00 48 26 00
24a0   00 02 67 65 6e 64 65 72 00 07 00 00 00 75 6e 69
24b0   73 65 78 00 04 66 61 63 69 6c 69 74 69 65 73 00
24c0   28 00 00 00 02 30 00 03 00 00 00 41 43 00 02 31
24d0   00 04 00 00 00 47 79 6d 00 02 32 00 07 00 00 00
24e0   46 72 69 64 67 65 00 00 02 63 6f 6e 74 61 63 74
24f0   00 0f 00 00 00 2b 39 31 20 37 39 39 38 38 37 37
2500   36 36 35 00 01 72 61 74 69 6e 67 00 33 33 33 33
2510   33 33 11 40 00 03 34 33 00 c5 00 00 00 07 5f 69
2520   64 00 69 19 95 5b 55 22 37 ab a1 26 48 8f 02 6e
2530   61 6d 65 00 12 00 00 00 42 75 64 67 65 74 52 6f
2540   6f 6d 20 48 6f 73 74 65 6c 00 02 6c 6f 63 61 74
2550   69 6f 6e 00 0c 00 00 00 4e 61 72 68 65 2c 20 50
2560   75 6e 65 00 10 70 72 69 63 65 00 94 11 00 00 02
2570   67 65 6e 64 65 72 00 05 00 00 00 62 6f 79 73 00
2580   04 66 61 63 69 6c 69 74 69 65 73 00 25 00 00 00
2590   02 30 00 0b 00 00 00 42 61 73 69 63 20 52 6f 6f
25a0   6d 00 02 31 00 07 00 00 00 4e 6f 6e 2d 41 43 00
25b0   00 02 63 6f 6e 74 61 63 74 00 0f 00 00 00 2b 39
25c0   31 20 37 38 38 37 37 36 36 35 35 34 00 01 72 61
25d0   74 69 6e 67 00 cd cc cc cc cc cc 0c 40 00 03 34
25e0   34 00 df 00 00 00 07 5f 69 64 00 69 19 95 5b 55
25f0   22 37 ab a1 26 48 90 02 6e 61 6d 65 00 18 00 00
2600   00 43 69 74 79 48 65 69 67 68 74 73 20 42 6f 79
2610   73 20 48 6f 73 74 65 6c 00 02 6c 6f 63 61 74 69
2620   6f 6e 00 0d 00 00 00 50 61 73 68 61 6e 2c 20 50
2630   75 6e 65 00 10 70 72 69 63 65 00 20 1c 00 00 02
2640   67 65 6e 64 65 72 00 05 00 00 00 62 6f 79 73 00
2650   04 66 61 63 69 6c 69 74 69 65 73 00 38 00 00 00
2660   02 30 00 05 00 00 00 57 69 46 69 00 02 31 00 05
2670   00 00 00 46 6f 6f 64 00 02 32 00 08 00 00 00 4c
2680   61 75 6e 64 72 79 00 02 33 00 05 00 00 00 43 43
2690   54 56 00 00 02 63 6f 6e 74 61 63 74 00 0f 00 00
26a0   00 2b 39 31 20 39 38 31 31 31 32 32 32 33 33 00
26b0   01 72 61 74 69 6e 67 00 66 66 66 66 66 66 10 40
26c0   00 03 34 35 00 e5 00 00 00 07 5f 69 64 00 69 19
26d0   95 5b 55 22 37 ab a1 26 48 91 02 6e 61 6d 65 00
26e0   10 00 00 00 4c 6f 74 75 73 47 69 72 6c 73 20 53
26f0   74 61 79 00 02 6c 6f 63 61 74 69 6f 6e 00 14 00
2700   00 00 4b 6f 72 65 67 61 6f 6e 20 50 61 72 6b 2c
2710   20 50 75 6e 65 00 10 70 72 69 63 65 00 1c 25 00
2720   00 02 67 65 6e 64 65 72 00 06 00 00 00 67 69 72
2730   6c 73 00 04 66 61 63 69 6c 69 74 69 65 73 00 3e
2740   00 00 00 02 30 00 03 00 00 00 41 43 00 02 31 00
2750   10 00 00 00 42 69 6f 6d 65 74 72 69 63 20 45 6e
2760   74 72 79 00 02 32 00 05 00 00 00 46 6f 6f 64 00
2770   02 33 00 05 00 00 00 57 69 46 69 00 00 02 63 6f
2780   6e 74 61 63 74 00 0f 00 00 00 2b 39 31 20 39 39
2790   32 32 33 33 34 34 35 35 00 01 72 61 74 69 6e 67
27a0   00 66 66 66 66 66 66 12 40 00 03 34 36 00 cd 00
27b0   00 00 07 5f 69 64 00 69 19 95 5b 55 22 37 ab a1
27c0   26 48 92 02 6e 61 6d 65 00 08 00 00 00 4e 65 78
27d0   61 20 50 47 00 02 6c 6f 63 61 74 69 6f 6e 00 0f
27e0   00 00 00 42 61 6c 65 77 61 64 69 2c 20 50 75 6e
27f0   65 00 10 70 72 69 63 65 00 60 22 00 00 02 67 65
2800   6e 64 65 72 00 07 00 00 00 75 6e 69 73 65 78 00
2810   04 66 61 63 69 6c 69 74 69 65 73 00 32 00 00 00
2820   02 30 00 03 00 00 00 41 43 00 02 31 00 0d 00 00
2830   00 48 6f 75 73 65 6b 65 65 70 69 6e 67 00 02 32
2840   00 08 00 00 00 50 61 72 6b 69 6e 67 00 00 02 63
2850   6f 6e 74 61 63 74 00 0f 00 00 00 2b 39 31 20 37
2860   37 36 36 35 35 31 31 32 32 00 01 72 61 74 69 6e
2870   67 00 cd cc cc cc cc cc 10 40 00 03 34 37 00 e0
2880   00 00 00 07 5f 69 64 00 69 19 95 5b 55 22 37 ab
2890   a1 26 48 93 02 6e 61 6d 65 00 13 00 00 00 53 69
28a0   6c 76 65 72 53 74 6f 6e 65 20 48 6f 73 74 65 6c
28b0   00 02 6c 6f 63 61 74 69 6f 6e 00 13 00 00 00 4d
28c0   6f 64 65 6c 20 43 6f 6c 6f 6e 79 2c 20 50 75 6e
28d0   65 00 10 70 72 69 63 65 00 54 24 00 00 02 67 65
28e0   6e 64 65 72 00 07 00 00 00 75 6e 69 73 65 78 00
28f0   04 66 61 63 69 6c 69 74 69 65 73 00 36 00 00 00
2900   02 30 00 05 00 00 00 46 6f 6f 64 00 02 31 00 03
2910   00 00 00 54 56 00 02 32 00 05 00 00 00 57 69 46
2920   69 00 02 33 00 08 00 00 00 4c 61 75 6e 64 72 79
2930   00 00 02 63 6f 6e 74 61 63 74 00 0f 00 00 00 2b
2940   39 31 20 38 38 37 37 34 34 35 35 36 36 00 01 72
2950   61 74 69 6e 67 00 33 33 33 33 33 33 11 40 00 03
2960   34 38 00 dc 00 00 00 07 5f 69 64 00 69 19 95 5b
2970   55 22 37 ab a1 26 48 94 02 6e 61 6d 65 00 19 00
2980   00 00 42 72 69 67 68 74 57 6f 72 6c 64 20 47 69
2990   72 6c 73 20 48 6f 73 74 65 6c 00 02 6c 6f 63 61
29a0   74 69 6f 6e 00 13 00 00 00 46 61 74 69 6d 61 20
29b0   4e 61 67 61 72 2c 20 50 75 6e 65 00 10 70 72 69
29c0   63 65 00 2c 1a 00 00 02 67 65 6e 64 65 72 00 06
29d0   00 00 00 67 69 72 6c 73 00 04 66 61 63 69 6c 69
29e0   74 69 65 73 00 31 00 00 00 02 30 00 09 00 00 00
29f0   53 65 63 75 72 69 74 79 00 02 31 00 09 00 00 00
2a00   52 4f 20 57 61 74 65 72 00 02 32 00 05 00 00 00
2a10   46 6f 6f 64 00 00 02 63 6f 6e 74 61 63 74 00 0f
2a20   00 00 00 2b 39 31 20 39 36 36 35 35 34 34 33 33
2a30   32 00 10 72 61 74 69 6e 67 00 04 00 00 00 00 03
2a40   34 39 00 ce 00 00 00 07 5f 69 64 00 69 19 95 5b
2a50   55 22 37 ab a1 26 48 95 02 6e 61 6d 65 00 0d 00
2a60   00 00 55 72 62 61 6e 4e 65 73 74 20 50 47 00 02
2a70   6c 6f 63 61 74 69 6f 6e 00 11 00 00 00 4b 61 72
2a80   76 65 20 52 6f 61 64 2c 20 50 75 6e 65 00 10 70
2a90   72 69 63 65 00 b0 1d 00 00 02 67 65 6e 64 65 72
2aa0   00 07 00 00 00 75 6e 69 73 65 78 00 04 66 61 63
2ab0   69 6c 69 74 69 65 73 00 2c 00 00 00 02 30 00 05
2ac0   00 00 00 57 69 46 69 00 02 31 00 06 00 00 00 4d
2ad0   65 61 6c 73 00 02 32 00 07 00 00 00 4c 6f 63 6b
2ae0   65 72 00 00 02 63 6f 6e 74 61 63 74 00 0f 00 00
2af0   00 2b 39 31 20 39 35 34 35 34 35 34 35 35 34 00
2b00   01 72 61 74 69 6e 67 00 66 66 66 66 66 66 10 40
2b10   00 03 35 30 00 d3 00 00 00 07 5f 69 64 00 69 19
2b20   95 5b 55 22 37 ab a1 26 48 96 02 6e 61 6d 65 00
2b30   12 00 00 00 45 76 65 72 67 72 65 65 6e 20 42 6f
2b40   79 73 20 50 47 00 02 6c 6f 63 61 74 69 6f 6e 00
2b50   13 00 00 00 53 69 6e 68 67 61 64 20 52 6f 61 64
2b60   2c 20 50 75 6e 65 00 10 70 72 69 63 65 00 18 15
2b70   00 00 02 67 65 6e 64 65 72 00 05 00 00 00 62 6f
2b80   79 73 00 04 66 61 63 69 6c 69 74 69 65 73 00 2c
2b90   00 00 00 02 30 00 05 00 00 00 46 6f 6f 64 00 02
2ba0   31 00 05 00 00 00 57 69 46 69 00 02 32 00 08 00
2bb0   00 00 50 61 72 6b 69 6e 67 00 00 02 63 6f 6e 74
2bc0   61 63 74 00 0f 00 00 00 2b 39 31 20 39 30 31 31
2bd0   32 32 33 33 34 34 00 01 72 61 74 69 6e 67 00 66
2be0   66 66 66 66 66 0e 40 00 03 35 31 00 e0 00 00 00
2bf0   07 5f 69 64 00 69 19 95 5b 55 22 37 ab a1 26 48
2c00   97 02 6e 61 6d 65 00 17 00 00 00 53 61 66 65 4e
2c10   65 73 74 20 4c 61 64 69 65 73 20 48 6f 73 74 65
2c20   6c 00 02 6c 6f 63 61 74 69 6f 6e 00 10 00 00 00
2c30   42 69 62 77 65 77 61 64 69 2c 20 50 75 6e 65 00
2c40   10 70 72 69 63 65 00 20 1c 00 00 02 67 65 6e 64
2c50   65 72 00 06 00 00 00 67 69 72 6c 73 00 04 66 61
2c60   63 69 6c 69 74 69 65 73 00 36 00 00 00 02 30 00
2c70   0e 00 00 00 48 6f 6d 65 6d 61 64 65 20 46 6f 6f
2c80   64 00 02 31 00 09 00 00 00 53 65 63 75 72 69 74
2c90   79 00 02 32 00 05 00 00 00 57 69 46 69 00 00 02
2ca0   63 6f 6e 74 61 63 74 00 0f 00 00 00 2b 39 31 20
2cb0   39 30 30 30 30 38 37 36 35 34 00 01 72 61 74 69
2cc0   6e 67 00 cd cc cc cc cc cc 10 40 00 03 35 32 00
2cd0   e7 00 00 00 07 5f 69 64 00 69 19 95 5b 55 22 37
2ce0   ab a1 26 48 98 02 6e 61 6d 65 00 0d 00 00 00 54
2cf0   65 63 68 48 61 76 65 6e 20 50 47 00 02 6c 6f 63
2d00   61 74 69 6f 6e 00 21 00 00 00 52 61 6a 69 76 20
2d10   47 61 6e 64 68 69 20 49 6e 66 6f 74 65 63 68 20
2d20   50 61 72 6b 2c 20 50 75 6e 65 00 10 70 72 69 63
2d30   65 00 04 29 00 00 02 67 65 6e 64 65 72 00 07 00
2d40   00 00 75 6e 69 73 65 78 00 04 66 61 63 69 6c 69
2d50   74 69 65 73 00 35 00 00 00 02 30 00 03 00 00 00
2d60   41 43 00 02 31 00 04 00 00 00 47 79 6d 00 02 32
2d70   00 05 00 00 00 46 6f 6f 64 00 02 33 00 08 00 00
2d80   00 4c 61 75 6e 64 72 79 00 00 02 63 6f 6e 74 61
2d90   63 74 00 0f 00 00 00 2b 39 31 20 39 30 39 39 35
2da0   35 34 34 32 32 00 01 72 61 74 69 6e 67 00 00 00
2db0   00 00 00 00 12 40 00 03 35 33 00 c9 00 00 00 07
2dc0   5f 69 64 00 69 19 95 5b 55 22 37 ab a1 26 48 99
2dd0   02 6e 61 6d 65 00 0f 00 00 00 53 6b 79 6c 69 6e
2de0   65 20 48 6f 73 74 65 6c 00 02 6c 6f 63 61 74 69
2df0   6f 6e 00 0f 00 00 00 53 77 61 72 67 61 74 65 2c
2e00   20 50 75 6e 65 00 10 70 72 69 63 65 00 9c 18 00
2e10   00 02 67 65 6e 64 65 72 00 05 00 00 00 62 6f 79
2e20   73 00 04 66 61 63 69 6c 69 74 69 65 73 00 2d 00
2e30   00 00 02 30 00 05 00 00 00 4d 65 73 73 00 02 31
2e40   00 09 00 00 00 52 4f 20 57 61 74 65 72 00 02 32
2e50   00 05 00 00 00 57 69 46 69 00 00 02 63 6f 6e 74
2e60   61 63 74 00 0f 00 00 00 2b 39 31 20 39 38 38 38
2e70   38 37 37 37 36 35 00 10 72 61 74 69 6e 67 00 04
2e80   00 00 00 00 03 35 34 00 cd 00 00 00 07 5f 69 64
2e90   00 69 19 95 5b 55 22 37 ab a1 26 48 9a 02 6e 61
2ea0   6d 65 00 14 00 00 00 42 6c 75 65 42 65 6c 6c 20
2eb0   47 69 72 6c 73 20 53 74 61 79 00 02 6c 6f 63 61
2ec0   74 69 6f 6e 00 0b 00 00 00 43 61 6d 70 2c 20 50
2ed0   75 6e 65 00 10 70 72 69 63 65 00 08 20 00 00 02
2ee0   67 65 6e 64 65 72 00 06 00 00 00 67 69 72 6c 73
2ef0   00 04 66 61 63 69 6c 69 74 69 65 73 00 2b 00 00
2f00   00 02 30 00 05 00 00 00 57 69 46 69 00 02 31 00
2f10   07 00 00 00 47 65 79 73 65 72 00 02 32 00 05 00
2f20   00 00 46 6f 6f 64 00 00 02 63 6f 6e 74 61 63 74
2f30   00 0f 00 00 00 2b 39 31 20 39 36 36 36 37 37 38
2f40   38 39 39 00 01 72 61 74 69 6e 67 00 33 33 33 33
2f50   33 33 11 40 00 03 35 35 00 d2 00 00 00 07 5f 69
2f60   64 00 69 19 95 5b 55 22 37 ab a1 26 48 9b 02 6e
2f70   61 6d 65 00 0e 00 00 00 50 72 69 6d 65 55 72 62
2f80   61 6e 20 50 47 00 02 6c 6f 63 61 74 69 6f 6e 00
2f90   0f 00 00 00 48 61 64 61 70 73 61 72 2c 20 50 75
2fa0   6e 65 00 10 70 72 69 63 65 00 fc 21 00 00 02 67
2fb0   65 6e 64 65 72 00 07 00 00 00 75 6e 69 73 65 78
2fc0   00 04 66 61 63 69 6c 69 74 69 65 73 00 31 00 00
2fd0   00 02 30 00 03 00 00 00 41 43 00 02 31 00 0d 00
2fe0   00 00 48 6f 75 73 65 6b 65 65 70 69 6e 67 00 02
2ff0   32 00 07 00 00 00 46 72 69 64 67 65 00 00 02 63
3000   6f 6e 74 61 63 74 00 0f 00 00 00 2b 39 31 20 39
3010   35 35 35 31 32 33 31 32 33 00 01 72 61 74 69 6e
3020   67 00 cd cc cc cc cc cc 10 40 00 03 35 36 00 d1
3030   00 00 00 07 5f 69 64 00 69 19 95 5b 55 22 37 ab
3040   a1 26 48 9c 02 6e 61 6d 65 00 17 00 00 00 43 6f
3050   7a 79 43 6f 72 6e 65 72 20 42 6f 79 73 20 48 6f
3060   73 74 65 6c 00 02 6c 6f 63 61 74 69 6f 6e 00 0c
3070   00 00 00 4e 69 67 64 69 2c 20 50 75 6e 65 00 10
3080   70 72 69 63 65 00 0c 17 00 00 02 67 65 6e 64 65
3090   72 00 05 00 00 00 62 6f 79 73 00 04 66 61 63 69
30a0   6c 69 74 69 65 73 00 2c 00 00 00 02 30 00 05 00
30b0   00 00 46 6f 6f 64 00 02 31 00 08 00 00 00 50 61
30c0   72 6b 69 6e 67 00 02 32 00 05 00 00 00 57 69 46
30d0   69 00 00 02 63 6f 6e 74 61 63 74 00 0f 00 00 00
30e0   2b 39 31 20 39 34 34 35 35 36 36 37 37 31 00 01
30f0   72 61 74 69 6e 67 00 33 33 33 33 33 33 0f 40 00
3100   03 35 37 00 da 00 00 00 07 5f 69 64 00 69 19 95
3110   5b 55 22 37 ab a1 26 48 9d 02 6e 61 6d 65 00 14
3120   00 00 00 4e 61 74 75 72 65 53 74 61 79 20 47 69
3130   72 6c 73 20 50 47 00 02 6c 6f 63 61 74 69 6f 6e
3140   00 0f 00 00 00 4c 6f 68 65 67 61 6f 6e 2c 20 50
3150   75 6e 65 00 10 70 72 69 63 65 00 58 1b 00 00 02
3160   67 65 6e 64 65 72 00 06 00 00 00 67 69 72 6c 73
3170   00 04 66 61 63 69 6c 69 74 69 65 73 00 34 00 00
3180   00 02 30 00 0c 00 00 00 48 6f 6d 65 6c 79 20 46
3190   6f 6f 64 00 02 31 00 09 00 00 00 53 65 63 75 72
31a0   69 74 79 00 02 32 00 05 00 00 00 57 69 46 69 00
31b0   00 02 63 6f 6e 74 61 63 74 00 0f 00 00 00 2b 39
31c0   31 20 39 33 33 33 32 32 33 34 35 36 00 01 72 61
31d0   74 69 6e 67 00 66 66 66 66 66 66 10 40 00 03 35
31e0   38 00 d0 00 00 00 07 5f 69 64 00 69 19 95 5b 55
31f0   22 37 ab a1 26 48 9e 02 6e 61 6d 65 00 0d 00 00
3200   00 55 72 62 61 6e 48 69 76 65 20 50 47 00 02 6c
3210   6f 63 61 74 69 6f 6e 00 14 00 00 00 42 68 6f 73
3220   61 6c 65 20 4e 61 67 61 72 2c 20 50 75 6e 65 00
3230   10 70 72 69 63 65 00 8c 23 00 00 02 67 65 6e 64
3240   65 72 00 07 00 00 00 75 6e 69 73 65 78 00 04 66
3250   61 63 69 6c 69 74 69 65 73 00 2b 00 00 00 02 30
3260   00 03 00 00 00 41 43 00 02 31 00 06 00 00 00 4d
3270   65 61 6c 73 00 02 32 00 08 00 00 00 4c 61 75 6e
3280   64 72 79 00 00 02 63 6f 6e 74 61 63 74 00 0f 00
3290   00 00 2b 39 31 20 39 34 34 34 34 33 33 33 35 35
32a0   00 01 72 61 74 69 6e 67 00 9a 99 99 99 99 99 11
32b0   40 00 03 35 39 00 d4 00 00 00 07 5f 69 64 00 69
32c0   19 95 5b 55 22 37 ab a1 26 48 9f 02 6e 61 6d 65
32d0   00 16 00 00 00 4d 65 74 72 6f 56 69 65 77 20 42
32e0   6f 79 73 20 48 6f 73 74 65 6c 00 02 6c 6f 63 61
32f0   74 69 6f 6e 00 13 00 00 00 56 69 73 68 72 61 6e
3300   74 77 61 64 69 2c 20 50 75 6e 65 00 10 70 72 69
3310   63 65 00 a8 16 00 00 02 67 65 6e 64 65 72 00 05
3320   00 00 00 62 6f 79 73 00 04 66 61 63 69 6c 69 74
3330   69 65 73 00 29 00 00 00 02 30 00 07 00 00 00 4c
3340   6f 63 6b 65 72 00 02 31 00 03 00 00 00 54 56 00
3350   02 32 00 05 00 00 00 46 6f 6f 64 00 00 02 63 6f
3360   6e 74 61 63 74 00 0f 00 00 00 2b 39 31 20 38 31
3370   31 31 31 32 32 32 33 33 00 01 72 61 74 69 6e 67
3380   00 9a 99 99 99 99 99 0d 40 00 03 36 30 00 d8 00
3390   00 00 07 5f 69 64 00 69 19 95 5b 55 22 37 ab a1
33a0   26 48 a0 02 6e 61 6d 65 00 11 00 00 00 45 6c 69
33b0   74 65 47 69 72 6c 73 20 48 61 76 65 6e 00 02 6c
33c0   6f 63 61 74 69 6f 6e 00 14 00 00 00 56 61 64 67
33d0   61 6f 6e 20 53 68 65 72 69 2c 20 50 75 6e 65 00
33e0   10 70 72 69 63 65 00 14 1e 00 00 02 67 65 6e 64
33f0   65 72 00 06 00 00 00 67 69 72 6c 73 00 04 66 61
3400   63 69 6c 69 74 69 65 73 00 30 00 00 00 02 30 00
3410   09 00 00 00 53 65 63 75 72 69 74 79 00 02 31 00
3420   05 00 00 00 57 69 46 69 00 02 32 00 08 00 00 00
3430   4c 61 75 6e 64 72 79 00 00 02 63 6f 6e 74 61 63
3440   74 00 0f 00 00 00 2b 39 31 20 38 39 39 39 33 33
3450   32 32 37 37 00 01 72 61 74 69 6e 67 00 cd cc cc
3460   cc cc cc 10 40 00 03 36 31 00 c5 00 00 00 07 5f
3470   69 64 00 69 19 95 5b 55 22 37 ab a1 26 48 a1 02
3480   6e 61 6d 65 00 0d 00 00 00 53 6d 61 72 74 53 74
3490   61 79 20 50 47 00 02 6c 6f 63 61 74 69 6f 6e 00
34a0   0d 00 00 00 4b 61 74 72 61 6a 2c 20 50 75 6e 65
34b0   00 10 70 72 69 63 65 00 64 19 00 00 02 67 65 6e
34c0   64 65 72 00 07 00 00 00 75 6e 69 73 65 78 00 04
34d0   66 61 63 69 6c 69 74 69 65 73 00 2b 00 00 00 02
34e0   30 00 05 00 00 00 46 6f 6f 64 00 02 31 00 05 00
34f0   00 00 57 69 46 69 00 02 32 00 07 00 00 00 47 65
3500   79 73 65 72 00 00 02 63 6f 6e 74 61 63 74 00 0f
3510   00 00 00 2b 39 31 20 39 35 35 35 33 32 31 31 32
3520   32 00 10 72 61 74 69 6e 67 00 04 00 00 00 00 03
3530   36 32 00 c8 00 00 00 07 5f 69 64 00 69 19 95 5b
3540   55 22 37 ab a1 26 48 a2 02 6e 61 6d 65 00 15 00
3550   00 00 48 69 6c 6c 73 69 64 65 20 42 6f 79 73 20
3560   48 6f 73 74 65 6c 00 02 6c 6f 63 61 74 69 6f 6e
3570   00 0e 00 00 00 50 61 72 76 61 74 69 2c 20 50 75
3580   6e 65 00 10 70 72 69 63 65 00 ec 13 00 00 02 67
3590   65 6e 64 65 72 00 05 00 00 00 62 6f 79 73 00 04
35a0   66 61 63 69 6c 69 74 69 65 73 00 23 00 00 00 02
35b0   30 00 0b 00 00 00 42 61 73 69 63 20 46 6f 6f 64
35c0   00 02 31 00 05 00 00 00 57 69 46 69 00 00 02 63
35d0   6f 6e 74 61 63 74 00 0f 00 00 00 2b 39 31 20 39
35e0   37 37 37 36 36 35 35 34 33 00 01 72 61 74 69 6e
35f0   67 00 9a 99 99 99 99 99 0d 40 00 03 36 33 00 d1
3600   00 00 00 07 5f 69 64 00 69 19 95 5b 55 22 37 ab
3610   a1 26 48 a3 02 6e 61 6d 65 00 17 00 00 00 52 6f
3620   79 61 6c 4e 65 73 74 20 47 69 72 6c 73 20 48 6f
3630   73 74 65 6c 00 02 6c 6f 63 61 74 69 6f 6e 00 0e
3640   00 00 00 4d 61 6e 6a 61 72 69 2c 20 50 75 6e 65
3650   00 10 70 72 69 63 65 00 90 1a 00 00 02 67 65 6e
3660   64 65 72 00 06 00 00 00 67 69 72 6c 73 00 04 66
3670   61 63 69 6c 69 74 69 65 73 00 29 00 00 00 02 30
3680   00 05 00 00 00 43 43 54 56 00 02 31 00 05 00 00
3690   00 57 69 46 69 00 02 32 00 05 00 00 00 46 6f 6f
36a0   64 00 00 02 63 6f 6e 74 61 63 74 00 0f 00 00 00
36b0   2b 39 31 20 39 33 33 33 34 34 35 35 38 38 00 01
36c0   72 61 74 69 6e 67 00 66 66 66 66 66 66 10 40 00
36d0   03 36 34 00 cb 00 00 00 07 5f 69 64 00 69 19 95
36e0   5b 55 22 37 ab a1 26 48 a4 02 6e 61 6d 65 00 0d
36f0   00 00 00 48 61 70 70 79 48 6f 6d 65 20 50 47 00
3700   02 6c 6f 63 61 74 69 6f 6e 00 0e 00 00 00 44 68
3710   61 6e 6f 72 69 2c 20 50 75 6e 65 00 10 70 72 69
3720   63 65 00 20 1c 00 00 02 67 65 6e 64 65 72 00 07
3730   00 00 00 75 6e 69 73 65 78 00 04 66 61 63 69 6c
3740   69 74 69 65 73 00 2c 00 00 00 02 30 00 05 00 00
3750   00 57 69 46 69 00 02 31 00 05 00 00 00 46 6f 6f
3760   64 00 02 32 00 08 00 00 00 4c 61 75 6e 64 72 79
3770   00 00 02 63 6f 6e 74 61 63 74 00 0f 00 00 00 2b
3780   39 31 20 39 30 31 31 39 39 31 31 30 30 00 01 72
3790   61 74 69 6e 67 00 66 66 66 66 66 66 10 40 00 03
37a0   36 35 00 cc 00 00 00 07 5f 69 64 00 69 19 95 5b
37b0   55 22 37 ab a1 26 48 a5 02 6e 61 6d 65 00 15 00
37c0   00 00 43 69 74 79 4c 69 74 65 20 42 6f 79 73 20
37d0   48 6f 73 74 65 6c 00 02 6c 6f 63 61 74 69 6f 6e
37e0   00 10 00 00 00 45 72 61 6e 64 77 61 6e 65 2c 20
37f0   50 75 6e 65 00 10 70 72 69 63 65 00 00 19 00 00
3800   02 67 65 6e 64 65 72 00 05 00 00 00 62 6f 79 73
3810   00 04 66 61 63 69 6c 69 74 69 65 73 00 29 00 00
3820   00 02 30 00 05 00 00 00 46 6f 6f 64 00 02 31 00
3830   05 00 00 00 43 43 54 56 00 02 32 00 05 00 00 00
3840   57 69 46 69 00 00 02 63 6f 6e 74 61 63 74 00 0f
3850   00 00 00 2b 39 31 20 38 38 35 35 34 34 32 32 31
3860   31 00 10 72 61 74 69 6e 67 00 04 00 00 00 00 03
3870   36 36 00 cb 00 00 00 07 5f 69 64 00 69 19 95 5b
3880   55 22 37 ab a1 26 48 a6 02 6e 61 6d 65 00 0e 00
3890   00 00 47 72 61 63 65 47 69 72 6c 73 20 50 47 00
38a0   02 6c 6f 63 61 74 69 6f 6e 00 0f 00 00 00 57 61
38b0   6e 6f 77 72 69 65 2c 20 50 75 6e 65 00 10 70 72
38c0   69 63 65 00 d0 20 00 00 02 67 65 6e 64 65 72 00
38d0   06 00 00 00 67 69 72 6c 73 00 04 66 61 63 69 6c
38e0   69 74 69 65 73 00 2b 00 00 00 02 30 00 09 00 00
38f0   00 53 65 63 75 72 69 74 79 00 02 31 00 03 00 00
3900   00 41 43 00 02 32 00 05 00 00 00 46 6f 6f 64 00
3910   00 02 63 6f 6e 74 61 63 74 00 0f 00 00 00 2b 39
3920   31 20 38 38 32 32 33 33 34 34 36 36 00 01 72 61
3930   74 69 6e 67 00 33 33 33 33 33 33 11 40 00 03 36
3940   37 00 d7 00 00 00 07 5f 69 64 00 69 19 95 5b 55
3950   22 37 ab a1 26 48 a7 02 6e 61 6d 65 00 0d 00 00
3960   00 54 65 63 68 56 69 73 74 61 20 50 47 00 02 6c
3970   6f 63 61 74 69 6f 6e 00 18 00 00 00 48 69 6e 6a
3980   65 77 61 64 69 20 50 68 61 73 65 20 33 2c 20 50
3990   75 6e 65 00 10 70 72 69 63 65 00 30 2a 00 00 02
39a0   67 65 6e 64 65 72 00 07 00 00 00 75 6e 69 73 65
39b0   78 00 04 66 61 63 69 6c 69 74 69 65 73 00 2e 00
39c0   00 00 02 30 00 03 00 00 00 41 43 00 02 31 00 04
39d0   00 00 00 47 79 6d 00 02 32 00 0d 00 00 00 48 6f
39e0   75 73 65 6b 65 65 70 69 6e 67 00 00 02 63 6f 6e
39f0   74 61 63 74 00 0f 00 00 00 2b 39 31 20 39 38 38
3a00   38 37 37 36 36 30 30 00 01 72 61 74 69 6e 67 00
3a10   00 00 00 00 00 00 12 40 00 03 36 38 00 c8 00 00
3a20   00 07 5f 69 64 00 69 19 95 5b 55 22 37 ab a1 26
3a30   48 a8 02 6e 61 6d 65 00 12 00 00 00 53 65 72 65
3a40   6e 65 53 74 61 79 20 48 6f 73 74 65 6c 00 02 6c
3a50   6f 63 61 74 69 6f 6e 00 11 00 00 00 41 6b 6c 65
3a60   20 43 68 6f 77 6b 2c 20 50 75 6e 65 00 10 70 72
3a70   69 63 65 00 e0 15 00 00 02 67 65 6e 64 65 72 00
3a80   05 00 00 00 62 6f 79 73 00 04 66 61 63 69 6c 69
3a90   74 69 65 73 00 23 00 00 00 02 30 00 0b 00 00 00
3aa0   42 61 73 69 63 20 46 6f 6f 64 00 02 31 00 05 00
3ab0   00 00 57 69 46 69 00 00 02 63 6f 6e 74 61 63 74
3ac0   00 0f 00 00 00 2b 39 31 20 39 37 39 37 39 37 39
3ad0   37 39 37 00 01 72 61 74 69 6e 67 00 66 66 66 66
3ae0   66 66 0e 40 00 03 36 39 00 d3 00 00 00 07 5f 69
3af0   64 00 69 19 95 5b 55 22 37 ab a1 26 48 a9 02 6e
3b00   61 6d 65 00 09 00 00 00 4c 6f 74 75 73 20 50 47
3b10   00 02 6c 6f 63 61 74 69 6f 6e 00 1f 00 00 00 48
3b20   61 64 61 70 73 61 72 20 49 6e 64 75 73 74 72 69
3b30   61 6c 20 41 72 65 61 2c 20 50 75 6e 65 00 10 70
3b40   72 69 63 65 00 dc 1e 00 00 02 67 65 6e 64 65 72
3b50   00 07 00 00 00 75 6e 69 73 65 78 00 04 66 61 63
3b60   69 6c 69 74 69 65 73 00 2b 00 00 00 02 30 00 05
3b70   00 00 00 46 6f 6f 64 00 02 31 00 07 00 00 00 47
3b80   65 79 73 65 72 00 02 32 00 05 00 00 00 57 69 46
3b90   69 00 00 02 63 6f 6e 74 61 63 74 00 0f 00 00 00
3ba0   2b 39 31 20 39 39 33 33 34 34 35 35 36 36 00 10
3bb0   72 61 74 69 6e 67 00 04 00 00 00 00 03 37 30 00
3bc0   df 00 00 00 07 5f 69 64 00 69 19 95 5b 55 22 37
3bd0   ab a1 26 48 aa 02 6e 61 6d 65 00 15 00 00 00 43
3be0   6f 6d 66 6f 72 74 4c 61 64 69 65 73 20 48 6f 73
3bf0   74 65 6c 00 02 6c 6f 63 61 74 69 6f 6e 00 16 00
3c00   00 00 50 69 6d 70 6c 65 20 53 61 75 64 61 67 61
3c10   72 2c 20 50 75 6e 65 00 10 70 72 69 63 65 00 fc
3c20   21 00 00 02 67 65 6e 64 65 72 00 06 00 00 00 67
3c30   69 72 6c 73 00 04 66 61 63 69 6c 69 74 69 65 73
3c40   00 31 00 00 00 02 30 00 09 00 00 00 53 65 63 75
3c50   72 69 74 79 00 02 31 00 08 00 00 00 4c 61 75 6e
3c60   64 72 79 00 02 32 00 06 00 00 00 4d 65 61 6c 73
3c70   00 00 02 63 6f 6e 74 61 63 74 00 0f 00 00 00 2b
3c80   39 31 20 38 38 37 37 36 36 31 31 32 32 00 01 72
3c90   61 74 69 6e 67 00 33 33 33 33 33 33 11 40 00 03
3ca0   37 31 00 d3 00 00 00 07 5f 69 64 00 69 19 95 5b
3cb0   55 22 37 ab a1 26 48 ab 02 6e 61 6d 65 00 0f 00
3cc0   00 00 47 72 65 65 6e 56 61 6c 6c 65 79 20 50 47
3cd0   00 02 6c 6f 63 61 74 69 6f 6e 00 15 00 00 00 42
3ce0   61 76 64 68 61 6e 20 42 75 64 72 75 6b 2c 20 50
3cf0   75 6e 65 00 10 70 72 69 63 65 00 84 1c 00 00 02
3d00   67 65 6e 64 65 72 00 07 00 00 00 75 6e 69 73 65
3d10   78 00 04 66 61 63 69 6c 69 74 69 65 73 00 2b 00
3d20   00 00 02 30 00 05 00 00 00 57 69 46 69 00 02 31
3d30   00 07 00 00 00 4c 6f 63 6b 65 72 00 02 32 00 05
3d40   00 00 00 46 6f 6f 64 00 00 02 63 6f 6e 74 61 63
3d50   74 00 0f 00 00 00 2b 39 31 20 39 31 32 33 34 35
3d60   34 34 33 33 00 01 72 61 74 69 6e 67 00 66 66 66
3d70   66 66 66 10 40 00 03 37 32 00 c2 00 00 00 07 5f
3d80   69 64 00 69 19 95 5b 55 22 37 ab a1 26 48 ac 02
3d90   6e 61 6d 65 00 11 00 00 00 55 72 62 61 6e 42 6f
3da0   79 73 20 48 6f 73 74 65 6c 00 02 6c 6f 63 61 74
3db0   69 6f 6e 00 0f 00 00 00 47 68 6f 72 70 61 64 69
3dc0   2c 20 50 75 6e 65 00 10 70 72 69 63 65 00 50 14
3dd0   00 00 02 67 65 6e 64 65 72 00 05 00 00 00 62 6f
3de0   79 73 00 04 66 61 63 69 6c 69 74 69 65 73 00 20
3df0   00 00 00 02 30 00 05 00 00 00 46 6f 6f 64 00 02
3e00   31 00 08 00 00 00 50 61 72 6b 69 6e 67 00 00 02
3e10   63 6f 6e 74 61 63 74 00 0f 00 00 00 2b 39 31 20
3e20   39 34 35 35 36 36 37 37 38 38 00 01 72 61 74 69
3e30   6e 67 00 9a 99 99 99 99 99 0d 40 00 03 37 33 00
3e40   e0 00 00 00 07 5f 69 64 00 69 19 95 5b 55 22 37
3e50   ab a1 26 48 ad 02 6e 61 6d 65 00 15 00 00 00 53
3e60   68 72 65 65 47 69 72 6c 73 20 52 65 73 69 64 65
3e70   6e 63 79 00 02 6c 6f 63 61 74 69 6f 6e 00 14 00
3e80   00 00 4b 61 6c 79 61 6e 69 20 4e 61 67 61 72 2c
3e90   20 50 75 6e 65 00 10 70 72 69 63 65 00 48 26 00
3ea0   00 02 67 65 6e 64 65 72 00 06 00 00 00 67 69 72
3eb0   6c 73 00 04 66 61 63 69 6c 69 74 69 65 73 00 34
3ec0   00 00 00 02 30 00 03 00 00 00 41 43 00 02 31 00
3ed0   09 00 00 00 53 65 63 75 72 69 74 79 00 02 32 00
3ee0   0e 00 00 00 48 6f 6d 65 6d 61 64 65 20 46 6f 6f
3ef0   64 00 00 02 63 6f 6e 74 61 63 74 00 0f 00 00 00
3f00   2b 39 31 20 39 37 38 38 37 37 36 36 35 35 00 01
3f10   72 61 74 69 6e 67 00 00 00 00 00 00 00 12 40 00
3f20   03 37 34 00 c0 00 00 00 07 5f 69 64 00 69 19 95
3f30   5b 55 22 37 ab a1 26 48 ae 02 6e 61 6d 65 00 0c
3f40   00 00 00 53 75 6e 56 69 6c 6c 61 20 50 47 00 02
3f50   6c 6f 63 61 74 69 6f 6e 00 12 00 00 00 4b 61 74
3f60   72 61 6a 20 47 68 61 74 2c 20 50 75 6e 65 00 10
3f70   70 72 69 63 65 00 38 18 00 00 02 67 65 6e 64 65
3f80   72 00 07 00 00 00 75 6e 69 73 65 78 00 04 66 61
3f90   63 69 6c 69 74 69 65 73 00 1e 00 00 00 02 30 00
3fa0   06 00 00 00 4d 65 61 6c 73 00 02 31 00 05 00 00
3fb0   00 57 69 46 69 00 00 02 63 6f 6e 74 61 63 74 00
3fc0   0f 00 00 00 2b 39 31 20 39 36 36 36 34 34 33 33
3fd0   32 32 00 01 72 61 74 69 6e 67 00 33 33 33 33 33
3fe0   33 0f 40 00 03 37 35 00 d0 00 00 00 07 5f 69 64
3ff0   00 69 19 95 5b 55 22 37 ab a1 26 48 af 02 6e 61
4000   6d 65 00 12 00 00 00 45 6c 69 74 65 47 65 6e 74
4010   73 20 48 6f 73 74 65 6c 00 02 6c 6f 63 61 74 69
4020   6f 6e 00 14 00 00 00 53 61 64 61 73 68 69 76 20
4030   50 65 74 68 2c 20 50 75 6e 65 00 10 70 72 69 63
4040   65 00 58 1b 00 00 02 67 65 6e 64 65 72 00 05 00
4050   00 00 62 6f 79 73 00 04 66 61 63 69 6c 69 74 69
4060   65 73 00 2c 00 00 00 02 30 00 05 00 00 00 46 6f
4070   6f 64 00 02 31 00 08 00 00 00 4c 61 75 6e 64 72
4080   79 00 02 32 00 05 00 00 00 57 69 46 69 00 00 02
4090   63 6f 6e 74 61 63 74 00 0f 00 00 00 2b 39 31 20
40a0   39 38 39 38 39 38 37 36 36 35 00 10 72 61 74 69
40b0   6e 67 00 04 00 00 00 00 03 37 36 00 d5 00 00 00
40c0   07 5f 69 64 00 69 19 95 5b 55 22 37 ab a1 26 48
40d0   b0 02 6e 61 6d 65 00 0e 00 00 00 56 69 73 74 61
40e0   47 69 72 6c 73 20 50 47 00 02 6c 6f 63 61 74 69
40f0   6f 6e 00 14 00 00 00 53 61 6c 75 6e 6b 65 20 56
4100   69 68 61 72 2c 20 50 75 6e 65 00 10 70 72 69 63
4110   65 00 60 22 00 00 02 67 65 6e 64 65 72 00 06 00
4120   00 00 67 69 72 6c 73 00 04 66 61 63 69 6c 69 74
4130   69 65 73 00 30 00 00 00 02 30 00 09 00 00 00 53
4140   65 63 75 72 69 74 79 00 02 31 00 08 00 00 00 4c
4150   61 75 6e 64 72 79 00 02 32 00 05 00 00 00 57 69
4160   46 69 00 00 02 63 6f 6e 74 61 63 74 00 0f 00 00
4170   00 2b 39 31 20 39 35 35 35 34 34 37 37 38 38 00
4180   01 72 61 74 69 6e 67 00 cd cc cc cc cc cc 10 40
4190   00 03 37 37 00 d4 00 00 00 07 5f 69 64 00 69 19
41a0   95 5b 55 22 37 ab a1 26 48 b1 02 6e 61 6d 65 00
41b0   11 00 00 00 43 6f 72 70 6f 72 61 74 65 53 74 61
41c0   79 20 50 47 00 02 6c 6f 63 61 74 69 6f 6e 00 12
41d0   00 00 00 56 69 6d 61 6e 20 4e 61 67 61 72 2c 20
41e0   50 75 6e 65 00 10 70 72 69 63 65 00 04 29 00 00
41f0   02 67 65 6e 64 65 72 00 07 00 00 00 75 6e 69 73
4200   65 78 00 04 66 61 63 69 6c 69 74 69 65 73 00 2d
4210   00 00 00 02 30 00 03 00 00 00 41 43 00 02 31 00
4220   03 00 00 00 54 56 00 02 32 00 0d 00 00 00 48 6f
4230   75 73 65 6b 65 65 70 69 6e 67 00 00 02 63 6f 6e
4240   74 61 63 74 00 0f 00 00 00 2b 39 31 20 39 34 34
4250   34 34 32 32 32 31 31 00 01 72 61 74 69 6e 67 00
4260   66 66 66 66 66 66 12 40 00 03 37 38 00 c9 00 00
4270   00 07 5f 69 64 00 69 19 95 5b 55 22 37 ab a1 26
4280   48 b2 02 6e 61 6d 65 00 12 00 00 00 42 75 64 67
4290   65 74 42 6f 79 73 20 48 6f 73 74 65 6c 00 02 6c
42a0   6f 63 61 74 69 6f 6e 00 12 00 00 00 41 6d 62 65
42b0   67 61 6f 6e 20 42 4b 2c 20 50 75 6e 65 00 10 70
42c0   72 69 63 65 00 c0 12 00 00 02 67 65 6e 64 65 72
42d0   00 05 00 00 00 62 6f 79 73 00 04 66 61 63 69 6c
42e0   69 74 69 65 73 00 23 00 00 00 02 30 00 05 00 00
42f0   00 57 69 46 69 00 02 31 00 0b 00 00 00 42 61 73
4300   69 63 20 46 6f 6f 64 00 00 02 63 6f 6e 74 61 63
4310   74 00 0f 00 00 00 2b 39 31 20 37 38 38 38 39 39
4320   35 35 36 36 00 01 72 61 74 69 6e 67 00 cd cc cc
4330   cc cc cc 0c 40 00 03 37 39 00 e5 00 00 00 07 5f
4340   69 64 00 69 19 95 5b 55 22 37 ab a1 26 48 b3 02
4350   6e 61 6d 65 00 13 00 00 00 50 72 65 6d 69 75 6d
4360   4c 61 64 69 65 73 20 53 74 61 79 00 02 6c 6f 63
4370   61 74 69 6f 6e 00 1b 00 00 00 4b 6f 72 65 67 61
4380   6f 6e 20 50 61 72 6b 20 41 6e 6e 65 78 65 2c 20
4390   50 75 6e 65 00 10 70 72 69 63 65 00 f8 2a 00 00
43a0   02 67 65 6e 64 65 72 00 06 00 00 00 67 69 72 6c
43b0   73 00 04 66 61 63 69 6c 69 74 69 65 73 00 34 00
43c0   00 00 02 30 00 03 00 00 00 41 43 00 02 31 00 09
43d0   00 00 00 53 65 63 75 72 69 74 79 00 02 32 00 0e
43e0   00 00 00 50 72 65 6d 69 75 6d 20 4d 65 61 6c 73
43f0   00 00 02 63 6f 6e 74 61 63 74 00 0f 00 00 00 2b
4400   39 31 20 39 32 32 32 32 33 33 33 34 34 00 01 72
4410   61 74 69 6e 67 00 cd cc cc cc cc cc 12 40 00 03
4420   38 30 00 cd 00 00 00 07 5f 69 64 00 69 19 95 5b
4430   55 22 37 ab a1 26 48 b4 02 6e 61 6d 65 00 0e 00
4440   00 00 47 72 65 65 6e 53 74 6f 6e 65 20 50 47 00
4450   02 6c 6f 63 61 74 69 6f 6e 00 10 00 00 00 54 61
4460   74 68 61 77 61 64 65 2c 20 50 75 6e 65 00 10 70
4470   72 69 63 65 00 34 21 00 00 02 67 65 6e 64 65 72
4480   00 07 00 00 00 75 6e 69 73 65 78 00 04 66 61 63
4490   69 6c 69 74 69 65 73 00 2b 00 00 00 02 30 00 05
44a0   00 00 00 46 6f 6f 64 00 02 31 00 05 00 00 00 57
44b0   69 46 69 00 02 32 00 07 00 00 00 47 65 79 73 65
44c0   72 00 00 02 63 6f 6e 74 61 63 74 00 0f 00 00 00
44d0   2b 39 31 20 39 31 31 31 34 34 32 32 33 33 00 01
44e0   72 61 74 69 6e 67 00 cd cc cc cc cc cc 10 40 00
44f0   03 38 31 00 d4 00 00 00 07 5f 69 64 00 69 19 95
4500   5b 55 22 37 ab a1 26 48 b5 02 6e 61 6d 65 00 10
4510   00 00 00 55 72 62 61 6e 47 69 72 6c 73 20 53 74
4520   61 79 00 02 6c 6f 63 61 74 69 6f 6e 00 13 00 00
4530   00 56 69 73 68 61 6c 20 4e 61 67 61 72 2c 20 50
4540   75 6e 65 00 10 70 72 69 63 65 00 b0 1d 00 00 02
4550   67 65 6e 64 65 72 00 06 00 00 00 67 69 72 6c 73
4560   00 04 66 61 63 69 6c 69 74 69 65 73 00 2e 00 00
4570   00 02 30 00 06 00 00 00 4d 65 61 6c 73 00 02 31
4580   00 05 00 00 00 57 69 46 69 00 02 32 00 09 00 00
4590   00 53 65 63 75 72 69 74 79 00 00 02 63 6f 6e 74
45a0   61 63 74 00 0f 00 00 00 2b 39 31 20 39 35 35 35
45b0   33 33 32 32 31 31 00 01 72 61 74 69 6e 67 00 66
45c0   66 66 66 66 66 10 40 00 03 38 32 00 d0 00 00 00
45d0   07 5f 69 64 00 69 19 95 5b 55 22 37 ab a1 26 48
45e0   b6 02 6e 61 6d 65 00 0d 00 00 00 4d 65 74 72 6f
45f0   43 69 74 79 20 50 47 00 02 6c 6f 63 61 74 69 6f
4600   6e 00 18 00 00 00 4e 69 67 64 69 20 50 72 61 64
4610   68 69 6b 61 72 61 6e 2c 20 50 75 6e 65 00 10 70
4620   72 69 63 65 00 f4 1a 00 00 02 67 65 6e 64 65 72
4630   00 07 00 00 00 75 6e 69 73 65 78 00 04 66 61 63
4640   69 6c 69 74 69 65 73 00 2b 00 00 00 02 30 00 07
4650   00 00 00 4c 6f 63 6b 65 72 00 02 31 00 05 00 00
4660   00 57 69 46 69 00 02 32 00 05 00 00 00 46 6f 6f
4670   64 00 00 02 63 6f 6e 74 61 63 74 00 0f 00 00 00
4680   2b 39 31 20 39 34 34 33 33 31 31 32 32 33 00 10
4690   72 61 74 69 6e 67 00 04 00 00 00 00 03 38 33 00
46a0   d8 00 00 00 07 5f 69 64 00 69 19 95 5b 55 22 37
46b0   ab a1 26 48 b7 02 6e 61 6d 65 00 14 00 00 00 48
46c0   6f 72 69 7a 6f 6e 20 42 6f 79 73 20 48 6f 73 74
46d0   65 6c 00 02 6c 6f 63 61 74 69 6f 6e 00 1a 00 00
46e0   00 4e 61 72 68 65 2d 41 6d 62 65 67 61 6f 6e 20
46f0   52 6f 61 64 2c 20 50 75 6e 65 00 10 70 72 69 63
4700   65 00 ec 13 00 00 02 67 65 6e 64 65 72 00 05 00
4710   00 00 62 6f 79 73 00 04 66 61 63 69 6c 69 74 69
4720   65 73 00 28 00 00 00 02 30 00 08 00 00 00 50 61
4730   72 6b 69 6e 67 00 02 31 00 0d 00 00 00 4d 65 61
4740   6c 20 53 65 72 76 69 63 65 00 00 02 63 6f 6e 74
4750   61 63 74 00 0f 00 00 00 2b 39 31 20 39 37 37 37
4760   34 34 33 32 31 31 00 01 72 61 74 69 6e 67 00 9a
4770   99 99 99 99 99 0d 40 00 03 38 34 00 f9 00 00 00
4780   07 5f 69 64 00 69 19 95 aa df 54 e9 b7 03 92 4e
4790   02 02 6e 61 6d 65 00 14 00 00 00 53 75 6e 72 69
47a0   73 65 20 42 6f 79 73 20 48 6f 73 74 65 6c 00 02
47b0   6c 6f 63 61 74 69 6f 6e 00 12 00 00 00 4b 61 72
47c0   76 65 20 4e 61 67 61 72 2c 20 50 75 6e 65 00 10
47d0   70 72 69 63 65 00 64 19 00 00 02 67 65 6e 64 65
47e0   72 00 05 00 00 00 62 6f 79 73 00 04 66 61 63 69
47f0   6c 69 74 69 65 73 00 51 00 00 00 02 30 00 05 00
4800   00 00 57 69 46 69 00 02 31 00 0f 00 00 00 46 6f
4810   6f 64 20 28 33 20 74 69 6d 65 73 29 00 02 32 00
4820   08 00 00 00 4c 61 75 6e 64 72 79 00 02 33 00 05
4830   00 00 00 43 43 54 56 00 02 34 00 08 00 00 00 50
4840   61 72 6b 69 6e 67 00 00 02 63 6f 6e 74 61 63 74
4850   00 0f 00 00 00 2b 39 31 20 39 38 32 33 31 32 33
4860   34 35 31 00 01 72 61 74 69 6e 67 00 cd cc cc cc
4870   cc cc 10 40 00 03 38 35 00 eb 00 00 00 07 5f 69
4880   64 00 69 19 95 aa df 54 e9 b7 03 92 4e 03 02 6e
4890   61 6d 65 00 17 00 00 00 47 72 65 65 6e 4e 65 73
48a0   74 20 47 69 72 6c 73 20 48 6f 73 74 65 6c 00 02
48b0   6c 6f 63 61 74 69 6f 6e 00 0e 00 00 00 4b 6f 74
48c0   68 72 75 64 2c 20 50 75 6e 65 00 10 70 72 69 63
48d0   65 00 4c 1d 00 00 02 67 65 6e 64 65 72 00 06 00
48e0   00 00 67 69 72 6c 73 00 04 66 61 63 69 6c 69 74
48f0   69 65 73 00 43 00 00 00 02 30 00 06 00 00 00 4d
4900   65 61 6c 73 00 02 31 00 09 00 00 00 52 4f 20 57
4910   61 74 65 72 00 02 32 00 05 00 00 00 57 69 46 69
4920   00 02 33 00 0e 00 00 00 32 34 78 37 20 53 65 63
4930   75 72 69 74 79 00 00 02 63 6f 6e 74 61 63 74 00
4940   0f 00 00 00 2b 39 31 20 39 38 37 36 35 34 33 32
4950   31 30 00 01 72 61 74 69 6e 67 00 9a 99 99 99 99
4960   99 11 40 00 03 38 36 00 db 00 00 00 07 5f 69 64
4970   00 69 19 95 aa df 54 e9 b7 03 92 4e 04 02 6e 61
4980   6d 65 00 0f 00 00 00 4d 65 74 72 6f 4c 69 76 69
4990   6e 67 20 50 47 00 02 6c 6f 63 61 74 69 6f 6e 00
49a0   0c 00 00 00 41 75 6e 64 68 2c 20 50 75 6e 65 00
49b0   10 70 72 69 63 65 00 08 20 00 00 02 67 65 6e 64
49c0   65 72 00 07 00 00 00 75 6e 69 73 65 78 00 04 66
49d0   61 63 69 6c 69 74 69 65 73 00 40 00 00 00 02 30
49e0   00 09 00 00 00 41 43 20 52 6f 6f 6d 73 00 02 31
49f0   00 0d 00 00 00 48 6f 75 73 65 6b 65 65 70 69 6e
4a00   67 00 02 32 00 10 00 00 00 57 61 73 68 69 6e 67
4a10   20 4d 61 63 68 69 6e 65 00 00 02 63 6f 6e 74 61
4a20   63 74 00 0f 00 00 00 2b 39 31 20 39 30 31 32 33
4a30   34 35 36 37 38 00 10 72 61 74 69 6e 67 00 04 00
4a40   00 00 00 03 38 37 00 e1 00 00 00 07 5f 69 64 00
4a50   69 19 95 aa df 54 e9 b7 03 92 4e 05 02 6e 61 6d
4a60   65 00 17 00 00 00 59 6f 75 74 68 53 74 61 79 20
4a70   4d 65 6e 27 73 20 48 6f 73 74 65 6c 00 02 6c 6f
4a80   63 61 74 69 6f 6e 00 0c 00 00 00 57 61 72 6a 65
4a90   2c 20 50 75 6e 65 00 10 70 72 69 63 65 00 a8 16
4aa0   00 00 02 67 65 6e 64 65 72 00 05 00 00 00 62 6f
4ab0   79 73 00 04 66 61 63 69 6c 69 74 69 65 73 00 3c
4ac0   00 00 00 02 30 00 05 00 00 00 4d 65 73 73 00 02
4ad0   31 00 03 00 00 00 54 56 00 02 32 00 07 00 00 00
4ae0   4c 6f 63 6b 65 72 00 02 33 00 0c 00 00 00 53 74
4af0   75 64 79 20 54 61 62 6c 65 00 00 02 63 6f 6e 74
4b00   61 63 74 00 0f 00 00 00 2b 39 31 20 39 36 32 33
4b10   32 33 32 39 32 31 00 01 72 61 74 69 6e 67 00 33
4b20   33 33 33 33 33 0f 40 00 03 38 38 00 ee 00 00 00
4b30   07 5f 69 64 00 69 19 95 aa df 54 e9 b7 03 92 4e
4b40   06 02 6e 61 6d 65 00 16 00 00 00 53 61 66 65 48
4b50   6f 6d 65 20 47 69 72 6c 73 20 48 6f 73 74 65 6c
4b60   00 02 6c 6f 63 61 74 69 6f 6e 00 15 00 00 00 50
4b70   75 6e 65 20 55 6e 69 76 65 72 73 69 74 79 20 52
4b80   6f 61 64 00 10 70 72 69 63 65 00 28 23 00 00 02
4b90   67 65 6e 64 65 72 00 06 00 00 00 67 69 72 6c 73
4ba0   00 04 66 61 63 69 6c 69 74 69 65 73 00 40 00 00
4bb0   00 02 30 00 10 00 00 00 42 69 6f 6d 65 74 72 69
4bc0   63 20 45 6e 74 72 79 00 02 31 00 11 00 00 00 4e
4bd0   6f 72 74 68 2f 53 6f 75 74 68 20 46 6f 6f 64 00
4be0   02 32 00 05 00 00 00 57 69 46 69 00 00 02 63 6f
4bf0   6e 74 61 63 74 00 0f 00 00 00 2b 39 31 20 39 36
4c00   35 38 37 34 31 32 33 30 00 01 72 61 74 69 6e 67
4c10   00 66 66 66 66 66 66 12 40 00 03 38 39 00 e4 00
4c20   00 00 07 5f 69 64 00 69 19 95 aa df 54 e9 b7 03
4c30   92 4e 07 02 6e 61 6d 65 00 0e 00 00 00 43 69 74
4c40   79 53 71 75 61 72 65 20 50 47 00 02 6c 6f 63 61
4c50   74 69 6f 6e 00 12 00 00 00 48 69 6e 6a 65 77 61
4c60   64 69 20 50 68 61 73 65 20 31 00 10 70 72 69 63
4c70   65 00 04 29 00 00 02 67 65 6e 64 65 72 00 07 00
4c80   00 00 75 6e 69 73 65 78 00 04 66 61 63 69 6c 69
4c90   74 69 65 73 00 40 00 00 00 02 30 00 04 00 00 00
4ca0   47 79 6d 00 02 31 00 03 00 00 00 41 43 00 02 32
4cb0   00 05 00 00 00 46 6f 6f 64 00 02 33 00 07 00 00
4cc0   00 46 72 69 64 67 65 00 02 34 00 05 00 00 00 57
4cd0   69 46 69 00 00 02 63 6f 6e 74 61 63 74 00 0f 00
4ce0   00 00 2b 39 31 20 38 39 39 39 31 32 33 34 35 30
4cf0   00 01 72 61 74 69 6e 67 00 33 33 33 33 33 33 11
4d00   40 00 03 39 30 00 d4 00 00 00 07 5f 69 64 00 69
4d10   19 95 aa df 54 e9 b7 03 92 4e 08 02 6e 61 6d 65
4d20   00 16 00 00 00 52 6f 79 61 6c 53 74 61 79 20 42
4d30   6f 79 73 20 48 6f 73 74 65 6c 00 02 6c 6f 63 61
4d40   74 69 6f 6e 00 0c 00 00 00 57 61 6b 61 64 2c 20
4d50   50 75 6e 65 00 10 70 72 69 63 65 00 40 1f 00 00
4d60   02 67 65 6e 64 65 72 00 05 00 00 00 62 6f 79 73
4d70   00 04 66 61 63 69 6c 69 74 69 65 73 00 30 00 00
4d80   00 02 30 00 08 00 00 00 50 61 72 6b 69 6e 67 00
4d90   02 31 00 09 00 00 00 52 4f 20 57 61 74 65 72 00
4da0   02 32 00 05 00 00 00 43 43 54 56 00 00 02 63 6f
4db0   6e 74 61 63 74 00 0f 00 00 00 2b 39 31 20 39 39
4dc0   36 36 35 35 38 38 30 30 00 01 72 61 74 69 6e 67
4dd0   00 66 66 66 66 66 66 10 40 00 03 39 31 00 dd 00
4de0   00 00 07 5f 69 64 00 69 19 95 aa df 54 e9 b7 03
4df0   92 4e 09 02 6e 61 6d 65 00 1a 00 00 00 53 68 61
4e00   6e 74 69 20 47 69 72 6c 73 20 50 61 79 69 6e 67
4e10   20 47 75 65 73 74 00 02 6c 6f 63 61 74 69 6f 6e
4e20   00 0c 00 00 00 42 61 6e 65 72 2c 20 50 75 6e 65
4e30   00 10 70 72 69 63 65 00 78 1e 00 00 02 67 65 6e
4e40   64 65 72 00 06 00 00 00 67 69 72 6c 73 00 04 66
4e50   61 63 69 6c 69 74 69 65 73 00 34 00 00 00 02 30
4e60   00 0e 00 00 00 48 6f 6d 65 6d 61 64 65 20 46 6f
4e70   6f 64 00 02 31 00 05 00 00 00 57 69 46 69 00 02
4e80   32 00 07 00 00 00 47 65 79 73 65 72 00 00 02 63
4e90   6f 6e 74 61 63 74 00 0f 00 00 00 2b 39 31 20 39
4ea0   31 32 33 34 35 36 37 37 37 00 01 72 61 74 69 6e
4eb0   67 00 cd cc cc cc cc cc 10 40 00 03 39 32 00 dc
4ec0   00 00 00 07 5f 69 64 00 69 19 95 aa df 54 e9 b7
4ed0   03 92 4e 0a 02 6e 61 6d 65 00 0d 00 00 00 55 72
4ee0   62 61 6e 4c 69 66 65 20 50 47 00 02 6c 6f 63 61
4ef0   74 69 6f 6e 00 12 00 00 00 56 69 6d 61 6e 20 4e
4f00   61 67 61 72 2c 20 50 75 6e 65 00 10 70 72 69 63
4f10   65 00 1c 25 00 00 02 67 65 6e 64 65 72 00 07 00
4f20   00 00 75 6e 69 73 65 78 00 04 66 61 63 69 6c 69
4f30   74 69 65 73 00 39 00 00 00 02 30 00 03 00 00 00
4f40   41 43 00 02 31 00 05 00 00 00 46 6f 6f 64 00 02
4f50   32 00 0d 00 00 00 48 6f 75 73 65 6b 65 65 70 69
4f60   6e 67 00 02 33 00 03 00 00 00 54 56 00 00 02 63
4f70   6f 6e 74 61 63 74 00 0f 00 00 00 2b 39 31 20 39
4f80   33 30 31 32 33 34 39 38 37 00 01 72 61 74 69 6e
4f90   67 00 00 00 00 00 00 00 12 40 00 03 39 33 00 d6
4fa0   00 00 00 07 5f 69 64 00 69 19 95 aa df 54 e9 b7
4fb0   03 92 4e 0b 02 6e 61 6d 65 00 16 00 00 00 45 6c
4fc0   69 74 65 48 6f 73 74 20 42 6f 79 73 20 48 6f 73
4fd0   74 65 6c 00 02 6c 6f 63 61 74 69 6f 6e 00 0d 00
4fe0   00 00 44 65 63 63 61 6e 2c 20 50 75 6e 65 00 10
4ff0   70 72 69 63 65 00 90 1a 00 00 02 67 65 6e 64 65
5000   72 00 05 00 00 00 62 6f 79 73 00 04 66 61 63 69
5010   6c 69 74 69 65 73 00 31 00 00 00 02 30 00 05 00
5020   00 00 57 69 46 69 00 02 31 00 0a 00 00 00 32 2d
5030   73 68 61 72 69 6e 67 00 02 32 00 08 00 00 00 4c
5040   61 75 6e 64 72 79 00 00 02 63 6f 6e 74 61 63 74
5050   00 0f 00 00 00 2b 39 31 20 39 38 31 31 32 32 33
5060   33 34 34 00 01 72 61 74 69 6e 67 00 66 66 66 66
5070   66 66 0e 40 00 03 39 34 00 b7 00 00 00 07 5f 69
5080   64 00 69 19 95 aa df 54 e9 b7 03 92 4e 0c 02 6e
5090   61 6d 65 00 0b 00 00 00 43 6f 6d 66 6f 72 74 20
50a0   50 47 00 02 6c 6f 63 61 74 69 6f 6e 00 0f 00 00
50b0   00 53 77 61 72 67 61 74 65 2c 20 50 75 6e 65 00
50c0   10 70 72 69 63 65 00 38 18 00 00 02 67 65 6e 64
50d0   65 72 00 07 00 00 00 75 6e 69 73 65 78 00 04 66
50e0   61 63 69 6c 69 74 69 65 73 00 1d 00 00 00 02 30
50f0   00 05 00 00 00 46 6f 6f 64 00 02 31 00 05 00 00
5100   00 57 69 46 69 00 00 02 63 6f 6e 74 61 63 74 00
5110   0f 00 00 00 2b 39 31 20 38 38 39 39 30 30 31 31
5120   32 32 00 10 72 61 74 69 6e 67 00 04 00 00 00 00
5130   03 39 35 00 c7 00 00 00 07 5f 69 64 00 69 19 95
5140   aa df 54 e9 b7 03 92 4e 0d 02 6e 61 6d 65 00 12
5150   00 00 00 42 72 69 67 68 74 4e 65 73 74 20 48 6f
5160   73 74 65 6c 00 02 6c 6f 63 61 74 69 6f 6e 00 14
5170   00 00 00 53 68 69 76 61 6a 69 20 4e 61 67 61 72
5180   2c 20 50 75 6e 65 00 10 70 72 69 63 65 00 58 1b
5190   00 00 02 67 65 6e 64 65 72 00 05 00 00 00 62 6f
51a0   79 73 00 04 66 61 63 69 6c 69 74 69 65 73 00 1f
51b0   00 00 00 02 30 00 05 00 00 00 4d 65 73 73 00 02
51c0   31 00 07 00 00 00 4c 6f 63 6b 65 72 00 00 02 63
51d0   6f 6e 74 61 63 74 00 0f 00 00 00 2b 39 31 20 39
51e0   39 38 38 37 37 36 36 35 35 00 01 72 61 74 69 6e
51f0   67 00 66 66 66 66 66 66 10 40 00 03 39 36 00 c7
5200   00 00 00 07 5f 69 64 00 69 19 95 aa df 54 e9 b7
5210   03 92 4e 0e 02 6e 61 6d 65 00 0e 00 00 00 48 61
5220   70 70 79 52 6f 6f 6d 73 20 50 47 00 02 6c 6f 63
5230   61 74 69 6f 6e 00 0b 00 00 00 43 61 6d 70 2c 20
5240   50 75 6e 65 00 10 70 72 69 63 65 00 6c 20 00 00
5250   02 67 65 6e 64 65 72 00 07 00 00 00 75 6e 69 73
5260   65 78 00 04 66 61 63 69 6c 69 74 69 65 73 00 2a
5270   00 00 00 02 30 00 03 00 00 00 41 43 00 02 31 00
5280   08 00 00 00 4c 61 75 6e 64 72 79 00 02 32 00 05
5290   00 00 00 57 69 46 69 00 00 02 63 6f 6e 74 61 63
52a0   74 00 0f 00 00 00 2b 39 31 20 38 38 37 37 36 36
52b0   35 35 34 34 00 01 72 61 74 69 6e 67 00 33 33 33
52c0   33 33 33 11 40 00 03 39 37 00 c7 00 00 00 07 5f
52d0   69 64 00 69 19 95 aa df 54 e9 b7 03 92 4e 0f 02
52e0   6e 61 6d 65 00 15 00 00 00 42 6c 75 65 53 6b 79
52f0   20 47 69 72 6c 73 20 48 6f 73 74 65 6c 00 02 6c
5300   6f 63 61 74 69 6f 6e 00 0e 00 00 00 4b 6f 6e 64
5310   68 77 61 2c 20 50 75 6e 65 00 10 70 72 69 63 65
5320   00 0c 17 00 00 02 67 65 6e 64 65 72 00 06 00 00
5330   00 67 69 72 6c 73 00 04 66 61 63 69 6c 69 74 69
5340   65 73 00 21 00 00 00 02 30 00 09 00 00 00 53 65
5350   63 75 72 69 74 79 00 02 31 00 05 00 00 00 57 69
5360   46 69 00 00 02 63 6f 6e 74 61 63 74 00 0f 00 00
5370   00 2b 39 31 20 37 37 36 36 35 35 34 34 33 33 00
5380   01 72 61 74 69 6e 67 00 33 33 33 33 33 33 0f 40
5390   00 03 39 38 00 e3 00 00 00 07 5f 69 64 00 69 19
53a0   95 aa df 54 e9 b7 03 92 4e 10 02 6e 61 6d 65 00
53b0   11 00 00 00 50 72 69 6d 65 53 74 61 79 20 48 6f
53c0   73 74 65 6c 00 02 6c 6f 63 61 74 69 6f 6e 00 11
53d0   00 00 00 4d 61 67 61 72 70 61 74 74 61 2c 20 50
53e0   75 6e 65 00 10 70 72 69 63 65 00 10 27 00 00 02
53f0   67 65 6e 64 65 72 00 07 00 00 00 75 6e 69 73 65
5400   78 00 04 66 61 63 69 6c 69 74 69 65 73 00 3d 00
5410   00 00 02 30 00 05 00 00 00 46 6f 6f 64 00 02 31
5420   00 07 00 00 00 46 72 69 64 67 65 00 02 32 00 03
5430   00 00 00 41 43 00 02 33 00 0d 00 00 00 48 6f 75
5440   73 65 6b 65 65 70 69 6e 67 00 00 02 63 6f 6e 74
5450   61 63 74 00 0f 00 00 00 2b 39 31 20 39 30 39 30
5460   39 30 39 30 39 30 00 01 72 61 74 69 6e 67 00 9a
5470   99 99 99 99 99 11 40 00 03 39 39 00 b8 00 00 00
5480   07 5f 69 64 00 69 19 95 aa df 54 e9 b7 03 92 4e
5490   11 02 6e 61 6d 65 00 0a 00 00 00 48 6f 73 74 65
54a0   6c 48 75 62 00 02 6c 6f 63 61 74 69 6f 6e 00 0f
54b0   00 00 00 59 65 72 61 77 61 64 61 2c 20 50 75 6e
54c0   65 00 10 70 72 69 63 65 00 4c 1d 00 00 02 67 65
54d0   6e 64 65 72 00 07 00 00 00 75 6e 69 73 65 78 00
54e0   04 66 61 63 69 6c 69 74 69 65 73 00 1f 00 00 00
54f0   02 30 00 05 00 00 00 57 69 46 69 00 02 31 00 07
5500   00 00 00 47 65 79 73 65 72 00 00 02 63 6f 6e 74
5510   61 63 74 00 0f 00 00 00 2b 39 31 20 37 34 34 35
5520   35 36 36 37 37 38 00 10 72 61 74 69 6e 67 00 04
5530   00 00 00 00 03 31 30 30 00 c5 00 00 00 07 5f 69
5540   64 00 69 19 95 aa df 54 e9 b7 03 92 4e 12 02 6e
5550   61 6d 65 00 0f 00 00 00 53 6d 61 72 74 4c 69 76
5560   69 6e 67 20 50 47 00 02 6c 6f 63 61 74 69 6f 6e
5570   00 0e 00 00 00 42 61 76 64 68 61 6e 2c 20 50 75
5580   6e 65 00 10 70 72 69 63 65 00 a4 1f 00 00 02 67
5590   65 6e 64 65 72 00 07 00 00 00 75 6e 69 73 65 78
55a0   00 04 66 61 63 69 6c 69 74 69 65 73 00 24 00 00
55b0   00 02 30 00 08 00 00 00 50 61 72 6b 69 6e 67 00
55c0   02 31 00 09 00 00 00 52 4f 20 57 61 74 65 72 00
55d0   00 02 63 6f 6e 74 61 63 74 00 0f 00 00 00 2b 39
55e0   31 20 37 33 33 34 34 35 35 36 37 38 00 01 72 61
55f0   74 69 6e 67 00 cd cc cc cc cc cc 10 40 00
